50,44,1
63,3,1
67,24,1
15,86,1
8,5,1
58,12,1
51,84,1
85,60,1
9,78,1
71,44,1
47,79,1
43,13,1
25,74,1
36,14,1
96,99,1
22,54,1
34,1,1
69,98,1
47,45,1
24,27,1
35,64,1
4,33,1
47,91,1
20,92,1
78,6,1
55,72,1
90,88,1
20,32,1
3,1,1
33,25,1
96,70,1
99,74,1
64,33,1
2,40,1
68,54,1
42,98,1
41,79,1
94,58,1
52,84,1
64,63,1
22,54,1
84,34,1
2,52,1
52,90,1
18,24,1
53,11,1
16,32,1
98,68,1
41,67,1
86,79,1
37,52,1
21,34,1
35,46,1
83,93,1
27,87,1
63,88,1
38,73,1
18,1,1
55,65,1
78,81,1
88,22,1
31,61,1
57,93,1
99,90,1
91,6,1
76,30,1
17,8,1
73,22,1
99,57,1
64,2,1
87,34,1
84,71,1
79,22,1
56,94,1
69,95,1
75,54,1
14,77,1
94,68,1
1,18,1
7,35,1
11,18,1
31,66,1
82,56,1
13,57,1
35,64,1
98,52,1
45,25,1
25,79,1
64,51,1
33,89,1
46,5,1
29,57,1
81,60,1
56,50,1
6,20,1
78,79,1
34,9,1
91,97,1
96,74,1
43,57,1
67,30,1
26,42,1
34,23,1
87,20,1
97,36,1
20,89,1
6,68,1
65,70,1
14,33,1
14,50,1
23,92,1
43,30,1
19,46,1
51,99,1
99,51,1
40,96,1
37,47,1
80,65,1
8,2,1
32,59,1
99,30,1
50,83,1
61,16,1
89,65,1
36,60,1
84,33,1
67,6,1
54,12,1
42,73,1
72,65,1
70,71,1
69,92,1
87,96,1
79,53,1
16,72,1
46,78,1
93,20,1
95,2,1
82,93,1
63,42,1
79,11,1
38,50,1
64,77,1
43,73,1
76,71,1
66,63,1
99,42,1
69,67,1
45,79,1
76,89,1
33,18,1
27,62,1
75,18,1
38,47,1
59,38,1
82,73,1
88,88,1
39,66,1
88,94,1
38,69,1
88,87,1
80,28,1
92,95,1
84,35,1
66,19,1
86,33,1
13,61,1
23,30,1
65,96,1
13,46,1
41,74,1
30,42,1
83,40,1
4,44,1
38,63,1
60,51,1
57,43,1
84,55,1
83,50,1
14,70,1
53,62,1
79,67,1
17,79,1
41,46,1
39,45,1
33,44,1
44,19,1
13,25,1
42,40,1
17,59,1
47,94,1
60,85,1
90,81,1
98,34,1
75,74,1
22,50,1
16,92,1
31,86,1
1,20,1
81,54,1
88,31,1
26,52,1
73,42,1
42,59,1
80,13,1
4,45,1
21,84,1
60,28,1
26,92,1
18,12,1
92,45,1
33,31,1
88,86,1
68,83,1
60,89,1
77,46,1
31,38,1
98,12,1
69,17,1
57,1,1
68,58,1
16,54,1
13,40,1
33,69,1
19,23,1
59,41,1
35,73,1
84,44,1
41,5,1
51,88,1
54,62,1
18,37,1
51,62,1
45,66,1
13,46,1
17,88,1
36,35,1
56,76,1
91,91,1
58,72,1
97,46,1
41,72,1
2,29,1
14,11,1
67,72,1
73,57,1
57,72,1
31,29,1
67,32,1
23,68,1
27,77,1
90,61,1
71,42,1
68,24,1
99,98,1
52,14,1
11,56,1
32,74,1
84,68,1
71,70,1
32,28,1
40,45,1
80,96,1
4,89,1
9,40,1
83,67,1
70,7,1
60,99,1
46,23,1
28,42,1
97,15,1
13,29,1
50,58,1
20,11,1
29,52,1
32,96,1
6,36,1
9,50,1
39,40,1
78,62,1
37,1,1
39,31,1
6,90,1
12,98,1
48,11,1
31,41,1
86,7,1
29,15,1
33,55,1
32,51,1
85,96,1
96,53,1
94,33,1
40,14,1
94,45,1
8,55,1
16,23,1
70,91,1
16,79,1
42,74,1
26,90,1
91,67,1
89,99,1
35,24,1
9,56,1
30,45,1
69,4,1
28,94,1
59,43,1
89,37,1
37,84,1
55,28,1
22,91,1
7,25,1
34,11,1
97,80,1
40,15,1
74,82,1
70,17,1
51,74,1
98,93,1
12,62,1
3,16,1
87,25,1
38,92,1
88,9,1
45,75,1
86,1,1
67,1,1
24,35,1
2,20,1
93,11,1
97,75,1
33,83,1
9,99,1
54,63,1
32,29,1
60,26,1
45,61,1
73,47,1
31,45,1
28,56,1
13,83,1
66,24,1
47,10,1
22,63,1
66,11,1
34,33,1
80,34,1
14,71,1
47,15,1
22,80,1
56,5,1
90,51,1
67,27,1
81,98,1
35,11,1
16,65,1
1,64,1
52,13,1
69,49,1
5,45,1
77,7,1
30,56,1
86,33,1
43,38,1
12,12,1
67,17,1
75,90,1
35,76,1
69,17,1
17,84,1
94,60,1
68,37,1
75,89,1
27,39,1
62,31,1
20,14,1
52,31,1
13,55,1
60,23,1
85,32,1
48,28,1
78,31,1
15,65,1
47,89,1
86,47,1
65,50,1
29,40,1
12,90,1
93,92,1
27,3,1
27,12,1
14,40,1
36,39,1
15,74,1
60,82,1
3,93,1
62,48,1
76,26,1
82,35,1
51,61,1
18,6,1
26,27,1
63,92,1
76,27,1
64,86,1
64,18,1
77,17,1
93,95,1
61,23,1
27,24,1
22,76,1
68,91,1
54,85,1
5,66,1
76,32,1
43,44,1
46,47,1
75,53,1
26,72,1
34,16,1
71,74,1
43,23,1
4,36,1
23,96,1
96,66,1
58,79,1
10,20,1
75,96,1
25,22,1
46,75,1
65,85,1
47,14,1
29,17,1
32,5,1
65,90,1
78,2,1
91,40,1
27,79,1
74,78,1
24,85,1
87,26,1
23,26,1
18,96,1
90,24,1
71,25,1
28,85,1
92,73,1
22,98,1
55,87,1
21,18,1
88,92,1
13,12,1
41,96,1
36,48,1
12,93,1
93,80,1
71,36,1
99,94,1
32,94,1
81,95,1
91,24,1
87,28,1
84,99,1
92,92,1
81,31,1
51,10,1
97,43,1
13,64,1
73,67,1
97,22,1
16,2,1
28,34,1
22,23,1
8,49,1
21,70,1
79,62,1
67,99,1
4,38,1
8,52,1
57,32,1
1,53,1
40,43,1
51,70,1
97,95,1
58,88,1
79,49,1
45,20,1
71,72,1
95,53,1
62,17,1
80,89,1
50,62,1
46,40,1
39,19,1
56,77,1
28,49,1
48,33,1
6,37,1
74,33,1
46,29,1
44,52,1
58,78,1
45,16,1
60,34,1
62,27,1
19,68,1
67,78,1
48,39,1
73,73,1
10,67,1
20,32,1
84,92,1
24,31,1
26,78,1
18,41,1
11,38,1
12,8,1
73,67,1
87,73,1
95,83,1
80,50,1
77,25,1
77,62,1
61,16,1
23,71,1
51,39,1
29,56,1
34,57,1
73,90,1
95,23,1
70,22,1
19,45,1
22,90,1
73,50,1
6,47,1
10,88,1
49,36,1
85,44,1
38,64,1
3,66,1
65,30,1
92,22,1
93,38,1
80,55,1
7,48,1
76,41,1
96,42,1
9,98,1
5,35,1
58,30,1
12,83,1
43,9,1
60,74,1
91,33,1
78,52,1
92,93,1
86,15,1
35,44,1
97,65,1
65,35,1
8,11,1
64,71,1
3,67,1
82,15,1
81,91,1
12,10,1
64,21,1
98,25,1
45,75,1
51,61,1
29,19,1
27,88,1
3,96,1
84,69,1
50,86,1
49,21,1
67,33,1
76,33,1
95,85,1
4,98,1
23,62,1
39,41,1
6,39,1
9,33,1
61,73,1
24,70,1
71,44,1
29,92,1
39,53,1
5,93,1
78,31,1
17,28,1
78,92,1
96,11,1
8,95,1
46,88,1
39,96,1
26,64,1
66,59,1
42,16,1
15,35,1
86,20,1
96,85,1
8,75,1
68,22,1
19,36,1
45,41,1
45,67,1
73,34,1
93,25,1
76,12,1
9,67,1
84,84,1
45,12,1
56,93,1
97,20,1
64,88,1
66,27,1
2,23,1
60,30,1
23,3,1
95,30,1
75,77,1
16,83,1
79,69,1
7,3,1
63,84,1
76,18,1
24,16,1
71,14,1
13,94,1
35,95,1
35,42,1
47,80,1
86,89,1
15,44,1
51,90,1
8,82,1
61,50,1
18,54,1
43,46,1
73,3,1
91,81,1
21,82,1
12,72,1
85,91,1
91,16,1
46,33,1
61,29,1
10,20,1
58,11,1
13,84,1
77,25,1
97,51,1
80,45,1
25,31,1
82,65,1
97,73,1
56,40,1
76,42,1
10,58,1
47,84,1
1,14,1
2,62,1
2,74,1
93,90,1
52,25,1
1,48,1
19,97,1
73,48,1
33,68,1
40,61,1
86,21,1
65,65,1
57,67,1
57,96,1
41,53,1
65,80,1
26,78,1
60,11,1
62,25,1
37,84,1
92,50,1
76,37,1
64,44,1
2,86,1
75,14,1
47,48,1
99,77,1
26,85,1
20,27,1
40,80,1
78,14,1
91,33,1
75,80,1
5,62,1
68,11,1
2,13,1
84,54,1
70,89,1
13,30,1
33,49,1
44,53,1
98,8,1
67,37,1
71,4,1
86,72,1
39,86,1
96,7,1
84,38,1
64,48,1
96,28,1
28,31,1
19,22,1
25,69,1
44,14,1
57,45,1
48,38,1
31,21,1
22,56,1
5,2,1
28,51,1
50,12,1
62,83,1
50,65,1
49,17,1
93,93,1
49,7,1
44,41,1
90,47,1
91,68,1
95,85,1
6,88,1
96,39,1
24,53,1
64,14,1
62,15,1
85,43,1
88,77,1
8,52,1
39,61,1
86,62,1
45,76,1
50,69,1
31,90,1
26,43,1
96,7,1
35,2,1
7,60,1
49,14,1
28,79,1
36,90,1
84,16,1
94,51,1
32,5,1
50,36,1
17,94,1
15,26,1
69,77,1
88,23,1
7,77,1
34,26,1
39,36,1
54,10,1
69,17,1
65,12,1
20,16,1
78,36,1
15,21,1
48,47,1
68,35,1
98,83,1
1,81,1
67,88,1
4,67,1
18,36,1
90,56,1
95,53,1
1,24,1
73,80,1
6,52,1
21,96,1
77,17,1
25,92,1
87,61,1
76,61,1
51,95,1
91,72,1
10,20,1
93,34,1
9,86,1
43,71,1
14,93,1
49,74,1
62,97,1
91,45,1
44,20,1
78,40,1
19,8,1
47,97,1
54,72,1
26,11,1
61,65,1
93,51,1
25,93,1
83,86,1
45,41,1
1,92,1
28,23,1
24,99,1
7,77,1
97,71,1
38,49,1
91,9,1
15,84,1
5,80,1
59,47,1
60,27,1
30,29,1
23,6,1
28,9,1
84,75,1
1,31,1
44,82,1
1,7,1
22,22,1
63,65,1
53,15,1
9,61,1
63,25,1
71,16,1
31,77,1
26,72,1
55,83,1
52,98,1
83,73,1
88,41,1
62,48,1
55,90,1
50,8,1
74,47,1
35,89,1
40,85,1
66,17,1
65,87,1
95,14,1
57,64,1
74,5,1
86,65,1
71,93,1
68,17,1
93,11,1
51,33,1
73,34,1
17,88,1
62,43,1
47,88,1
51,75,1
81,60,1
29,92,1
37,99,1
92,98,1
39,69,1
89,56,1
40,56,1
20,40,1
71,57,1
7,28,1
89,46,1
39,34,1
93,5,1
57,35,1
87,30,1
14,92,1
74,70,1
60,5,1
61,60,1
39,63,1
23,58,1
4,98,1
43,22,1
37,80,1
11,14,1
19,54,1
89,2,1
78,20,1
41,88,1
62,47,1
10,86,1
31,36,1
99,72,1
82,76,1
70,64,1
87,60,1
8,80,1
99,62,1
44,51,1
35,65,1
62,69,1
16,27,1
44,81,1
87,5,1
95,1,1
49,12,1
81,50,1
55,35,1
96,25,1
11,64,1
48,93,1
95,98,1
89,62,1
59,49,1
50,87,1
2,8,1
18,41,1
75,67,1
17,9,1
34,96,1
49,65,1
54,82,1
84,51,1
98,10,1
17,97,1
60,54,1
10,24,1
50,59,1
32,80,1
19,71,1
26,90,1
58,47,1
41,55,1
10,40,1
25,77,1
19,1,1
78,55,1
14,9,1
26,36,1
76,19,1
38,33,1
51,70,1
28,14,1
81,56,1
92,67,1
55,95,1
87,83,1
40,17,1
46,19,1
80,36,1
33,33,1
24,10,1
75,4,1
32,59,1
19,40,1
32,27,1
88,82,1
51,35,1
45,52,1
78,4,1
34,20,1
34,74,1
13,60,1
6,52,1
98,30,1
67,80,1
92,21,1
69,84,1
34,84,1
63,73,1
55,83,1
80,4,1
79,65,1
2,87,1
50,58,1
96,66,1
62,53,1
43,55,1
92,94,1
1,5,1
56,69,1
71,44,1
56,83,1
21,78,1
72,86,1
12,21,1
3,30,1
75,62,1
45,3,1
11,31,1
61,89,1
38,45,1
82,6,1
67,37,1
15,49,1
89,47,1
7,74,1
78,14,1
19,83,1
2,91,1
59,15,1
41,57,1
57,10,1
29,27,1
94,4,1
73,96,1
41,99,1
12,25,1
51,31,1
74,40,1
96,45,1
98,40,1
16,52,1
96,42,1
26,60,1
86,67,1
18,2,1
2,9,1
51,62,1
19,92,1
95,28,1
61,49,1
68,49,1
50,34,1
83,37,1
4,17,1
76,26,1
25,63,1
6,75,1
7,41,1
25,44,1
96,30,1
14,3,1
93,9,1
90,64,1
7,21,1
96,67,1
71,99,1
9,2,1
41,7,1
29,15,1
16,28,1
19,64,1
72,14,1
48,60,1
75,53,1
45,20,1
28,57,1
15,44,1
71,67,1
57,71,1
95,7,1
62,30,1
29,27,1
92,47,1
74,86,1
65,63,1
12,98,1
25,45,1
10,15,1
86,10,1
39,27,1
88,2,1
72,71,1
81,3,1
70,84,1
85,78,1
64,6,1
96,47,1
40,80,1
37,10,1
46,36,1
68,28,1
89,63,1
60,99,1
43,89,1
81,59,1
46,90,1
52,38,1
28,54,1
1,4,1
56,34,1
80,16,1
41,1,1
89,82,1
4,26,1
38,21,1
11,95,1
82,64,1
13,91,1
95,18,1
46,21,1
78,48,1
23,73,1
43,69,1
79,81,1
64,68,1
37,65,1
66,69,1
23,15,1
66,46,1
16,42,1
27,4,1
93,50,1
49,3,1
61,66,1
80,47,1
11,46,1
27,81,1
98,72,1
91,18,1
21,25,1
48,2,1
42,64,1
10,61,1
28,32,1
50,56,1
52,52,1
28,60,1
12,57,1
81,40,1
83,39,1
21,32,1
78,32,1
58,61,1
25,74,1
73,20,1
63,32,1
19,12,1
2,33,1
37,89,1
17,25,1
65,71,1
37,48,1
28,99,1
52,65,1
32,4,1
55,24,1
99,51,1
15,76,1
79,81,1
53,61,1
69,65,1
55,18,1
33,39,1
54,7,1
39,60,1
39,25,1
52,80,1
11,90,1
80,71,1
54,17,1
80,15,1
96,76,1
26,70,1
14,38,1
40,72,1
93,71,1
14,61,1
46,5,1
40,95,1
70,49,1
60,37,1
12,85,1
70,27,1
5,86,1
40,2,1
84,65,1
29,49,1
7,58,1
1,63,1
67,48,1
31,56,1
15,50,1
26,10,1
44,4,1
54,59,1
17,61,1
67,34,1
62,83,1
3,88,1
63,12,1
84,50,1
43,22,1
61,41,1
60,59,1
17,57,1
90,8,1
88,98,1
51,44,1
47,37,1
61,60,1
42,52,1
76,33,1
45,58,1
60,70,1
75,22,1
42,60,1
91,58,1
63,68,1
34,11,1
9,32,1
95,76,1
63,6,1
29,81,1
30,50,1
22,95,1
69,99,1
73,49,1
46,58,1
78,66,1
13,4,1
70,98,1
78,53,1
79,18,1
72,49,1
15,5,1
45,27,1
68,13,1
94,53,1
12,67,1
67,92,1
94,27,1
89,65,1
53,32,1
19,28,1
62,12,1
67,81,1
17,23,1
98,85,1
50,11,1
11,32,1
40,69,1
82,29,1
27,2,1
35,33,1
16,25,1
23,10,1
33,81,1
79,20,1
28,22,1
29,59,1
52,6,1
36,57,1
80,62,1
59,30,1
65,19,1
10,42,1
54,39,1
40,50,1
35,29,1
23,43,1
33,62,1
38,28,1
81,9,1
68,59,1
85,6,1
17,27,1
34,14,1
10,53,1
21,95,1
8,50,1
67,44,1
74,21,1
92,81,1
96,50,1
39,81,1
80,34,1
56,7,1
75,34,1
23,71,1
48,27,1
53,50,1
86,56,1
74,30,1
52,73,1
46,26,1
30,31,1
70,33,1
84,60,1
42,57,1
42,57,1
4,34,1
27,79,1
56,8,1
86,83,1
99,79,1
76,10,1
63,35,1
9,54,1
73,77,1
90,79,1
42,78,1
20,86,1
12,14,1
82,44,1
72,67,1
61,10,1
50,80,1
8,13,1
69,81,1
88,69,1
61,94,1
18,68,1
59,12,1
85,45,1
70,80,1
27,50,1
97,39,1
47,19,1
22,95,1
97,40,1
19,81,1
49,67,1
8,59,1
44,8,1
63,49,1
17,70,1
44,63,1
48,44,1
9,99,1
35,68,1
3,25,1
97,43,1
43,26,1
42,52,1
60,54,1
85,94,1
13,71,1
59,23,1
48,81,1
29,71,1
72,92,1
56,17,1
1,76,1
30,30,1
61,18,1
53,34,1
41,59,1
24,81,1
96,98,1
99,57,1
89,99,1
66,9,1
55,11,1
89,32,1
25,16,1
7,8,1
48,93,1
21,60,1
34,88,1
35,1,1
41,68,1
26,68,1
13,65,1
73,87,1
55,14,1
41,7,1
19,30,1
63,9,1
8,32,1
2,48,1
8,86,1
63,34,1
39,74,1
86,61,1
70,14,1
74,90,1
45,97,1
84,97,1
8,59,1
89,75,1
79,67,1
82,52,1
89,1,1
13,81,1
8,11,1
75,46,1
80,61,1
28,82,1
46,16,1
67,95,1
67,68,1
7,30,1
70,2,1
56,24,1
10,49,1
40,27,1
49,37,1
77,1,1
59,54,1
55,69,1
51,71,1
50,69,1
57,11,1
82,55,1
36,22,1
72,24,1
22,96,1
55,55,1
95,3,1
76,75,1
39,11,1
94,2,1
61,87,1
41,57,1
25,39,1
42,65,1
28,85,1
56,55,1
90,94,1
41,90,1
65,5,1
22,76,1
60,50,1
80,85,1
87,97,1
32,47,1
5,44,1
12,70,1
69,44,1
38,63,1
22,73,1
58,44,1
84,9,1
88,35,1
76,95,1
28,40,1
68,94,1
78,24,1
31,26,1
86,72,1
6,67,1
16,43,1
91,42,1
66,81,1
81,48,1
74,53,1
66,8,1
99,3,1
77,93,1
1,43,1
75,86,1
41,61,1
73,55,1
71,34,1
60,45,1
67,55,1
21,94,1
23,86,1
1,43,1
38,74,1
16,14,1
98,96,1
51,88,1
24,35,1
12,26,1
37,97,1
82,55,1
42,64,1
40,75,1
54,65,1
95,21,1
31,92,1
25,68,1
19,47,1
67,54,1
76,98,1
86,51,1
28,44,1
22,76,1
39,25,1
29,68,1
88,64,1
86,31,1
30,96,1
76,56,1
41,3,1
47,8,1
14,14,1
4,24,1
5,43,1
66,84,1
45,32,1
17,65,1
99,9,1
4,42,1
73,82,1
20,38,1
78,39,1
59,54,1
13,91,1
89,40,1
93,42,1
49,8,1
51,11,1
4,35,1
46,1,1
18,34,1
28,29,1
48,43,1
38,34,1
59,52,1
89,72,1
85,86,1
11,96,1
59,25,1
57,28,1
27,13,1
70,68,1
35,13,1
74,69,1
92,93,1
20,75,1
77,52,1
26,64,1
56,20,1
96,67,1
96,84,1
4,79,1
99,84,1
11,43,1
11,65,1
50,56,1
98,9,1
92,58,1
10,69,1
34,94,1
80,54,1
96,82,1
22,62,1
95,7,1
93,37,1
75,10,1
62,45,1
42,39,1
27,92,1
36,86,1
95,69,1
98,11,1
94,43,1
10,65,1
22,70,1
65,96,1
46,87,1
17,45,1
75,1,1
46,88,1
32,34,1
35,54,1
73,20,1
83,45,1
60,58,1
13,93,1
77,44,1
20,77,1
35,7,1
89,34,1
11,3,1
20,92,1
16,28,1
9,92,1
3,68,1
34,40,1
6,5,1
75,19,1
80,35,1
77,85,1
78,36,1
43,26,1
85,72,1
67,87,1
89,70,1
46,81,1
33,72,1
32,83,1
32,23,1
55,16,1
44,30,1
18,61,1
21,9,1
69,37,1
6,19,1
32,14,1
77,17,1
42,14,1
53,26,1
84,80,1
82,63,1
47,24,1
84,68,1
95,93,1
16,34,1
90,44,1
63,12,1
22,79,1
53,61,1
86,90,1
83,4,1
40,42,1
70,14,1
76,32,1
57,41,1
68,44,1
97,54,1
77,87,1
88,19,1
97,39,1
7,75,1
48,1,1
77,86,1
70,50,1
89,37,1
30,3,1
27,89,1
61,76,1
80,81,1
21,5,1
93,51,1
46,95,1
87,84,1
24,20,1
29,40,1
7,66,1
81,52,1
63,15,1
72,84,1
46,78,1
69,61,1
80,19,1
22,35,1
92,64,1
48,77,1
34,32,1
28,62,1
45,53,1
19,8,1
27,50,1
82,12,1
91,28,1
99,48,1
75,41,1
5,41,1
74,91,1
38,34,1
42,39,1
74,23,1
70,61,1
26,67,1
18,54,1
59,6,1
57,18,1
91,23,1
61,91,1
91,47,1
72,52,1
13,39,1
80,34,1
71,77,1
23,79,1
77,22,1
52,42,1
92,90,1
75,45,1
60,46,1
43,73,1
44,82,1
38,39,1
99,7,1
24,92,1
94,37,1
44,31,1
37,98,1
69,91,1
68,77,1
40,36,1
64,57,1
72,75,1
70,76,1
99,33,1
56,77,1
31,17,1
82,65,1
65,10,1
1,44,1
97,89,1
8,8,1
40,65,1
3,82,1
56,85,1
85,70,1
85,69,1
23,6,1
76,1,1
16,72,1
94,8,1
14,54,1
84,78,1
48,55,1
43,54,1
35,74,1
36,93,1
58,72,1
94,50,1
54,44,1
81,42,1
62,97,1
91,56,1
94,75,1
58,61,1
34,10,1
33,63,1
38,85,1
59,9,1
41,3,1
54,89,1
98,36,1
82,33,1
73,34,1
79,47,1
35,23,1
61,79,1
35,93,1
19,62,1
96,37,1
74,10,1
42,4,1
14,52,1
8,13,1
66,69,1
57,28,1
64,45,1
16,23,1
40,23,1
41,98,1
13,96,1
47,5,1
32,99,1
27,31,1
72,72,1
71,76,1
65,49,1
64,69,1
65,65,1
71,41,1
89,20,1
54,56,1
60,39,1
4,14,1
63,70,1
90,2,1
9,66,1
2,93,1
42,48,1
46,22,1
83,63,1
57,61,1
45,81,1
22,76,1
80,1,1
42,50,1
62,79,1
97,10,1
13,73,1
25,37,1
1,9,1
55,60,1
83,92,1
38,20,1
31,21,1
46,17,1
86,80,1
74,22,1
93,15,1
99,15,1
62,27,1
73,21,1
89,68,1
79,91,1
70,14,1
50,22,1
26,32,1
67,86,1
58,47,1
80,88,1
81,19,1
22,64,1
35,27,1
89,60,1
83,63,1
36,48,1
20,7,1
27,74,1
18,84,1
31,50,1
12,91,1
65,90,1
38,30,1
91,71,1
60,6,1
36,15,1
87,87,1
91,36,1
74,59,1
16,55,1
87,65,1
27,2,1
53,98,1
94,92,1
30,68,1
9,99,1
22,31,1
85,80,1
61,9,1
98,59,1
38,18,1
54,10,1
41,75,1
52,79,1
1,60,1
74,78,1
75,6,1
12,94,1
78,44,1
96,37,1
40,70,1
66,90,1
37,39,1
77,54,1
35,36,1
21,3,1
91,38,1
10,1,1
11,57,1
66,31,1
22,10,1
83,64,1
60,17,1
18,79,1
16,99,1
15,31,1
44,10,1
76,37,1
38,87,1
78,69,1
59,63,1
70,9,1
51,24,1
39,38,1
71,60,1
92,69,1
40,34,1
12,91,1
88,17,1
16,43,1
79,65,1
55,61,1
80,91,1
56,17,1
45,49,1
61,1,1
74,76,1
4,37,1
24,16,1
54,89,1
51,98,1
72,12,1
62,72,1
74,35,1
63,73,1
60,75,1
68,31,1
17,74,1
84,43,1
34,66,1
12,69,1
35,49,1
33,13,1
5,22,1
38,82,1
28,11,1
83,89,1
49,57,1
90,29,1
88,32,1
87,55,1
12,39,1
52,77,1
20,96,1
26,30,1
74,44,1
38,89,1
3,72,1
60,90,1
62,93,1
45,13,1
82,62,1
1,54,1
20,47,1
70,52,1
22,58,1
47,54,1
38,26,1
27,57,1
60,92,1
7,17,1
91,15,1
66,99,1
30,26,1
13,2,1
98,16,1
91,67,1
33,55,1
8,26,1
98,97,1
64,45,1
58,15,1
97,69,1
27,13,1
68,79,1
24,2,1
42,34,1
92,56,1
25,52,1
17,80,1
41,76,1
3,74,1
37,28,1
39,8,1
45,75,1
82,71,1
41,9,1
97,34,1
46,8,1
2,63,1
57,8,1
20,32,1
42,61,1
13,19,1
46,92,1
57,43,1
96,32,1
47,99,1
62,80,1
8,64,1
71,39,1
24,63,1
23,83,1
81,1,1
99,30,1
4,1,1
64,79,1
15,60,1
27,62,1
17,71,1
77,64,1
72,36,1
65,86,1
8,30,1
67,35,1
21,65,1
18,77,1
84,55,1
78,81,1
92,22,1
26,56,1
8,38,1
84,40,1
12,35,1
83,15,1
97,95,1
44,51,1
83,22,1
55,37,1
17,88,1
32,79,1
96,66,1
84,46,1
62,1,1
89,73,1
1,51,1
34,83,1
48,90,1
87,65,1
19,9,1
61,80,1
25,41,1
84,18,1
58,75,1
58,27,1
55,55,1
44,88,1
7,37,1
55,56,1
93,86,1
39,9,1
60,91,1
41,53,1
54,97,1
1,47,1
42,3,1
34,84,1
89,74,1
1,74,1
43,81,1
77,63,1
5,43,1
53,14,1
94,60,1
99,28,1
62,93,1
52,42,1
55,88,1
49,87,1
16,96,1
80,17,1
53,66,1
57,51,1
68,78,1
80,74,1
46,89,1
96,26,1
9,59,1
87,77,1
30,68,1
24,83,1
36,72,1
91,65,1
87,77,1
11,20,1
46,78,1
85,66,1
18,14,1
7,34,1
89,7,1
85,52,1
91,27,1
83,45,1
91,77,1
51,85,1
36,71,1
26,46,1
60,71,1
49,60,1
5,68,1
69,49,1
2,74,1
71,77,1
42,92,1
61,66,1
80,23,1
7,9,1
39,43,1
98,37,1
16,5,1
47,65,1
94,76,1
87,38,1
58,90,1
86,63,1
5,60,1
6,36,1
84,74,1
16,23,1
99,72,1
83,97,1
65,50,1
93,70,1
88,35,1
66,20,1
16,42,1
78,42,1
99,38,1
83,78,1
25,19,1
97,55,1
1,6,1
99,89,1
28,49,1
64,2,1
8,29,1
50,19,1
70,69,1
18,54,1
15,28,1
81,31,1
45,4,1
18,42,1
22,54,1
70,62,1
5,82,1
38,52,1
10,24,1
60,10,1
91,45,1
57,95,1
61,14,1
80,50,1
69,58,1
46,3,1
85,1,1
6,26,1
11,19,1
55,12,1
95,36,1
20,6,1
71,15,1
59,23,1
29,45,1
4,87,1
26,97,1
90,80,1
55,51,1
46,36,1
90,72,1
97,35,1
87,93,1
31,55,1
36,33,1
73,21,1
43,56,1
65,14,1
34,5,1
3,54,1
46,6,1
68,52,1
40,41,1
95,17,1
38,76,1
91,46,1
82,29,1
82,79,1
80,41,1
72,65,1
77,29,1
38,41,1
78,7,1
14,67,1
36,36,1
59,46,1
54,86,1
19,37,1
45,10,1
42,87,1
11,41,1
91,4,1
79,59,1
45,41,1
34,54,1
82,15,1
55,63,1
55,43,1
54,28,1
85,77,1
70,18,1
34,55,1
64,85,1
33,17,1
48,38,1
60,95,1
79,74,1
22,19,1
24,30,1
72,73,1
96,3,1
29,25,1
5,75,1
39,45,1
66,30,1
78,60,1
77,19,1
7,7,1
67,71,1
2,70,1
20,37,1
4,77,1
42,54,1
48,88,1
55,48,1
99,2,1
85,74,1
39,79,1
27,47,1
69,76,1
93,57,1
73,38,1
52,7,1
8,97,1
46,91,1
67,42,1
54,70,1
97,59,1
57,29,1
29,79,1
57,17,1
99,56,1
51,11,1
26,14,1
97,42,1
17,86,1
81,82,1
15,89,1
29,82,1
24,32,1
71,70,1
65,28,1
77,3,1
75,51,1
35,25,1
65,5,1
30,42,1
73,70,1
41,77,1
46,92,1
34,94,1
19,45,1
30,77,1
59,28,1
98,94,1
60,41,1
51,60,1
38,8,1
93,51,1
99,2,1
56,57,1
97,75,1
79,44,1
72,11,1
55,36,1
5,43,1
49,23,1
48,37,1
60,91,1
56,81,1
18,18,1
36,77,1
41,6,1
7,85,1
70,35,1
96,33,1
24,84,1
31,67,1
70,90,1
24,50,1
92,82,1
71,67,1
34,36,1
38,88,1
34,42,1
43,54,1
72,96,1
96,97,1
78,44,1
28,62,1
34,24,1
24,80,1
87,64,1
84,44,1
93,5,1
20,98,1
26,82,1
20,58,1
63,43,1
60,83,1
38,42,1
17,4,1
56,26,1
27,13,1
92,43,1
51,56,1
62,8,1
7,80,1
45,27,1
31,92,1
38,90,1
27,92,1
23,10,1
87,84,1
65,53,1
6,34,1
19,23,1
64,55,1
40,91,1
23,15,1
6,37,1
61,7,1
81,30,1
1,3,1
94,2,1
83,51,1
22,2,1
90,59,1
92,70,1
53,8,1
86,57,1
39,21,1
9,47,1
81,71,1
80,85,1
53,92,1
96,4,1
84,64,1
71,90,1
51,15,1
44,97,1
4,47,1
86,29,1
40,2,1
59,38,1
81,66,1
12,61,1
91,65,1
28,85,1
49,67,1
96,10,1
49,59,1
66,32,1
82,13,1
6,46,1
75,99,1
21,25,1
56,46,1
10,28,1
5,56,1
49,3,1
76,33,1
95,84,1
79,60,1
15,47,1
2,65,1
1,93,1
49,91,1
28,51,1
79,57,1
25,39,1
75,66,1
3,74,1
11,30,1
95,36,1
7,61,1
67,24,1
78,70,1
9,31,1
26,74,1
81,16,1
78,24,1
9,67,1
97,82,1
21,71,1
5,94,1
28,30,1
94,90,1
90,68,1
30,73,1
46,11,1
38,2,1
47,13,1
82,8,1
9,49,1
34,9,1
95,88,1
69,85,1
84,29,1
28,14,1
50,59,1
36,58,1
2,86,1
12,57,1
10,46,1
86,69,1
26,52,1
25,8,1
59,40,1
42,43,1
49,4,1
83,1,1
80,6,1
80,24,1
14,57,1
1,2,1
52,82,1
77,69,1
70,14,1
46,63,1
21,5,1
53,72,1
10,77,1
17,69,1
17,9,1
88,27,1
75,81,1
3,19,1
56,99,1
39,41,1
53,33,1
64,91,1
51,69,1
86,14,1
78,14,1
87,33,1
89,97,1
6,3,1
54,16,1
77,60,1
33,63,1
45,43,1
54,5,1
43,82,1
85,38,1
94,99,1
18,79,1
26,55,1
66,20,1
36,71,1
82,2,1
48,62,1
43,73,1
40,53,1
50,23,1
78,26,1
8,47,1
45,1,1
59,38,1
1,86,1
21,40,1
37,43,1
66,73,1
79,93,1
30,14,1
75,58,1
40,90,1
4,90,1
46,13,1
88,46,1
12,31,1
21,58,1
24,24,1
83,56,1
26,63,1
60,12,1
29,12,1
41,89,1
25,67,1
7,79,1
16,17,1
10,71,1
6,75,1
34,15,1
42,26,1
90,24,1
12,15,1
63,6,1
25,39,1
27,13,1
14,16,1
39,63,1
60,97,1
51,36,1
8,12,1
28,42,1
50,90,1
92,34,1
76,35,1
36,47,1
96,54,1
91,58,1
92,79,1
25,90,1
43,11,1
2,19,1
17,85,1
62,18,1
92,86,1
93,38,1
57,86,1
60,90,1
78,33,1
55,66,1
66,21,1
2,28,1
12,4,1
79,12,1
34,63,1
85,91,1
17,30,1
75,1,1
16,16,1
61,10,1
82,16,1
32,17,1
97,20,1
90,53,1
31,6,1
28,56,1
17,5,1
92,56,1
65,71,1
10,64,1
45,1,1
23,17,1
44,43,1
74,24,1
59,50,1
14,1,1
22,42,1
60,17,1
4,71,1
99,3,1
67,29,1
36,52,1
87,69,1
57,99,1
42,62,1
76,34,1
15,96,1
28,54,1
81,21,1
54,16,1
89,29,1
29,86,1
11,25,1
12,48,1
60,19,1
24,75,1
92,77,1
5,16,1
47,58,1
55,98,1
70,83,1
97,67,1
47,93,1
94,9,1
94,11,1
7,31,1
85,40,1
37,48,1
27,53,1
23,58,1
82,68,1
7,24,1
72,40,1
8,72,1
39,8,1
25,41,1
48,66,1
84,38,1
35,58,1
95,54,1
57,61,1
1,25,1
16,61,1
35,92,1
8,86,1
61,28,1
95,88,1
83,43,1
34,40,1
93,96,1
72,45,1
58,46,1
9,85,1
90,85,1
43,57,1
79,97,1
57,66,1
90,95,1
32,64,1
68,26,1
70,80,1
19,23,1
23,15,1
96,26,1
92,79,1
58,69,1
80,19,1
92,94,1
54,59,1
89,22,1
8,57,1
5,25,1
90,21,1
33,46,1
49,40,1
14,87,1
47,88,1
43,66,1
29,48,1
56,53,1
39,28,1
73,88,1
9,99,1
36,19,1
27,22,1
14,30,1
81,13,1
78,60,1
14,11,1
75,57,1
92,35,1
53,90,1
46,81,1
44,12,1
86,92,1
73,6,1
40,82,1
62,37,1
31,43,1
61,37,1
2,36,1
53,16,1
75,75,1
45,63,1
2,67,1
69,31,1
18,5,1
62,94,1
78,18,1
16,90,1
81,10,1
53,19,1
25,26,1
88,73,1
48,23,1
87,88,1
91,99,1
40,39,1
39,65,1
76,26,1
77,95,1
66,46,1
30,58,1
72,87,1
62,45,1
12,21,1
21,78,1
96,40,1
68,59,1
24,19,1
94,93,1
58,29,1
29,95,1
80,87,1
13,34,1
62,93,1
71,72,1
91,3,1
86,16,1
34,80,1
13,33,1
50,68,1
18,90,1
30,59,1
64,30,1
31,93,1
37,64,1
44,80,1
3,95,1
1,73,1
17,41,1
25,84,1
90,78,1
74,15,1
97,8,1
34,94,1
92,21,1
79,61,1
78,65,1
92,23,1
85,71,1
7,12,1
29,51,1
91,41,1
12,94,1
91,39,1
11,37,1
46,90,1
41,79,1
66,10,1
55,51,1
44,65,1
31,67,1
90,58,1
23,37,1
81,78,1
14,86,1
91,7,1
55,62,1
38,61,1
83,77,1
83,63,1
95,44,1
61,97,1
96,81,1
98,52,1
52,9,1
72,53,1
61,17,1
82,83,1
6,49,1
48,52,1
82,16,1
14,61,1
98,22,1
45,65,1
67,9,1
96,17,1
42,55,1
58,29,1
82,9,1
24,44,1
28,4,1
12,30,1
56,86,1
13,68,1
55,28,1
13,90,1
97,59,1
61,12,1
87,90,1
23,26,1
87,97,1
39,89,1
75,36,1
12,3,1
63,19,1
37,76,1
30,46,1
95,37,1
38,79,1
16,4,1
39,52,1
92,94,1
45,40,1
36,92,1
94,47,1
12,9,1
42,74,1
55,97,1
45,33,1
91,64,1
18,40,1
38,74,1
2,69,1
28,50,1
37,13,1
65,72,1
56,49,1
12,76,1
99,39,1
57,49,1
14,74,1
64,38,1
15,22,1
31,48,1
32,82,1
54,37,1
96,89,1
71,93,1
8,99,1
88,84,1
46,81,1
62,60,1
26,59,1
39,9,1
13,19,1
36,50,1
67,32,1
89,30,1
66,24,1
89,97,1
9,42,1
83,34,1
99,79,1
38,48,1
82,88,1
91,70,1
53,70,1
39,94,1
67,7,1
35,3,1
30,79,1
84,28,1
40,40,1
77,1,1
19,69,1
79,50,1
62,75,1
58,64,1
85,71,1
46,6,1
29,71,1
19,74,1
55,69,1
26,80,1
44,75,1
64,94,1
3,19,1
45,35,1
81,51,1
25,47,1
64,47,1
45,70,1
50,39,1
43,48,1
1,60,1
67,9,1
90,43,1
95,94,1
36,23,1
9,27,1
69,17,1
41,58,1
45,89,1
2,49,1
91,7,1
50,52,1
16,16,1
89,34,1
15,76,1
40,70,1
23,77,1
74,81,1
72,49,1
84,75,1
12,28,1
43,88,1
67,29,1
14,58,1
55,76,1
60,29,1
7,71,1
83,10,1
86,26,1
43,49,1
79,84,1
94,90,1
3,35,1
28,2,1
54,8,1
12,60,1
41,25,1
9,70,1
46,11,1
43,6,1
67,92,1
42,20,1
88,54,1
78,74,1
18,42,1
61,96,1
77,97,1
2,91,1
22,29,1
63,92,1
36,11,1
34,55,1
50,45,1
74,91,1
13,67,1
32,39,1
55,52,1
20,82,1
38,71,1
97,74,1
97,27,1
93,98,1
33,97,1
8,23,1
45,20,1
45,3,1
68,64,1
71,74,1
23,56,1
90,28,1
85,96,1
47,77,1
12,27,1
58,42,1
95,61,1
44,77,1
42,59,1
32,77,1
49,32,1
70,31,1
19,5,1
18,9,1
9,63,1
56,76,1
19,61,1
88,92,1
64,96,1
40,91,1
25,74,1
13,8,1
27,45,1
99,84,1
90,89,1
2,78,1
33,1,1
74,67,1
71,96,1
93,45,1
67,25,1
85,33,1
65,8,1
53,16,1
58,48,1
73,15,1
78,41,1
86,31,1
49,15,1
43,16,1
71,61,1
15,51,1
5,85,1
52,23,1
10,33,1
22,4,1
22,19,1
21,58,1
35,66,1
71,85,1
17,68,1
2,15,1
8,80,1
83,4,1
18,65,1
32,67,1
74,14,1
8,29,1
25,26,1
1,57,1
15,15,1
75,66,1
63,16,1
87,48,1
3,4,1
83,7,1
99,75,1
77,14,1
92,21,1
46,38,1
44,11,1
71,98,1
33,45,1
99,65,1
68,12,1
75,79,1
57,25,1
10,27,1
22,55,1
20,16,1
4,42,1
77,50,1
54,41,1
8,76,1
52,27,1
50,29,1
72,94,1
94,8,1
16,41,1
6,57,1
97,13,1
80,33,1
1,7,1
52,69,1
23,76,1
45,96,1
43,97,1
12,59,1
13,14,1
79,71,1
68,79,1
80,87,1
8,51,1
54,55,1
1,85,1
93,4,1
20,32,1
7,2,1
23,14,1
74,72,1
20,61,1
42,39,1
95,3,1
91,14,1
24,64,1
92,75,1
45,54,1
27,79,1
66,5,1
97,87,1
24,21,1
66,76,1
44,85,1
30,85,1
79,38,1
7,39,1
63,77,1
3,30,1
77,78,1
58,35,1
87,30,1
34,86,1
74,72,1
95,67,1
48,96,1
98,45,1
27,72,1
73,91,1
18,21,1
80,38,1
57,22,1
88,24,1
77,52,1
40,12,1
23,38,1
7,34,1
37,84,1
65,18,1
27,24,1
29,93,1
67,72,1
60,65,1
40,47,1
71,59,1
61,58,1
41,74,1
6,23,1
12,37,1
98,78,1
74,18,1
33,15,1
55,47,1
70,84,1
11,68,1
91,56,1
27,63,1
73,49,1
33,62,1
74,20,1
54,95,1
26,17,1
12,97,1
57,48,1
80,57,1
52,27,1
18,48,1
37,69,1
82,81,1
72,41,1
80,46,1
56,5,1
23,59,1
56,12,1
3,37,1
8,95,1
93,82,1
40,55,1
4,75,1
79,31,1
47,40,1
20,20,1
95,27,1
86,2,1
54,79,1
83,59,1
25,80,1
28,12,1
98,72,1
51,63,1
90,82,1
64,12,1
7,76,1
73,55,1
70,58,1
18,75,1
29,36,1
73,18,1
58,1,1
73,33,1
88,85,1
62,62,1
26,43,1
56,72,1
46,32,1
11,48,1
84,27,1
32,15,1
14,10,1
58,17,1
96,22,1
44,80,1
17,99,1
59,50,1
48,54,1
36,77,1
14,80,1
78,89,1
57,40,1
46,61,1
17,86,1
40,74,1
63,37,1
3,42,1
83,18,1
38,24,1
36,58,1
62,70,1
76,69,1
96,16,1
54,33,1
7,80,1
83,51,1
15,63,1
3,29,1
25,53,1
69,25,1
55,10,1
96,94,1
60,21,1
77,9,1
77,19,1
87,91,1
43,33,1
81,22,1
9,26,1
18,1,1
99,60,1
72,46,1
85,2,1
18,87,1
38,24,1
45,33,1
72,59,1
13,94,1
20,16,1
14,78,1
79,55,1
3,28,1
97,34,1
6,39,1
39,10,1
83,3,1
10,36,1
65,4,1
17,46,1
93,40,1
42,38,1
55,59,1
53,53,1
94,86,1
70,64,1
68,88,1
90,50,1
23,69,1
22,57,1
10,36,1
68,77,1
19,32,1
50,73,1
17,28,1
9,73,1
21,47,1
11,88,1
77,88,1
37,25,1
38,39,1
41,23,1
81,16,1
12,48,1
38,13,1
59,74,1
64,90,1
28,4,1
44,10,1
92,77,1
56,61,1
93,25,1
68,73,1
98,23,1
41,75,1
67,66,1
18,30,1
35,13,1
69,91,1
51,87,1
53,68,1
6,75,1
26,15,1
64,34,1
67,24,1
64,69,1
76,15,1
42,54,1
53,44,1
65,23,1
62,56,1
49,5,1
9,8,1
37,96,1
42,86,1
78,37,1
17,19,1
5,58,1
39,89,1
43,43,1
39,74,1
82,80,1
56,35,1
6,6,1
85,56,1
54,11,1
68,51,1
66,34,1
4,40,1
76,85,1
1,43,1
86,49,1
62,82,1
2,45,1
7,98,1
13,95,1
21,90,1
85,16,1
16,23,1
56,3,1
20,66,1
66,16,1
51,76,1
51,39,1
98,31,1
94,60,1
47,47,1
61,88,1
4,36,1
55,2,1
63,16,1
75,19,1
89,29,1
31,51,1
88,76,1
94,88,1
73,73,1
10,82,1
28,83,1
34,18,1
80,68,1
56,17,1
43,50,1
83,84,1
58,66,1
89,61,1
61,10,1
32,33,1
87,69,1
91,30,1
89,26,1
88,81,1
21,74,1
8,21,1
81,44,1
78,94,1
94,84,1
66,43,1
21,29,1
19,19,1
53,87,1
56,39,1
71,32,1
8,66,1
54,12,1
85,61,1
54,94,1
71,20,1
32,85,1
24,48,1
79,20,1
27,36,1
43,48,1
68,97,1
90,89,1
49,32,1
44,28,1
1,19,1
85,12,1
93,27,1
47,75,1
4,6,1
30,73,1
37,9,1
36,85,1
44,92,1
21,75,1
30,65,1
16,61,1
86,99,1
38,38,1
24,41,1
76,53,1
93,75,1
95,72,1
54,45,1
41,68,1
30,91,1
7,57,1
83,13,1
54,51,1
41,65,1
56,84,1
78,74,1
71,79,1
50,95,1
66,69,1
38,89,1
16,15,1
12,30,1
88,47,1
22,97,1
15,64,1
60,60,1
74,72,1
33,56,1
61,5,1
59,63,1
81,30,1
47,66,1
33,25,1
59,6,1
52,34,1
98,23,1
7,69,1
66,97,1
70,65,1
97,79,1
70,5,1
66,9,1
5,44,1
8,13,1
62,14,1
54,78,1
72,81,1
41,74,1
50,2,1
99,67,1
5,90,1
76,9,1
90,13,1
22,66,1
36,6,1
16,54,1
73,44,1
60,2,1
42,21,1
43,69,1
93,61,1
66,10,1
26,17,1
2,37,1
23,20,1
49,98,1
60,45,1
36,68,1
29,14,1
50,62,1
99,74,1
75,13,1
52,54,1
15,55,1
18,94,1
72,87,1
52,65,1
40,89,1
28,94,1
61,83,1
73,35,1
54,1,1
57,72,1
59,50,1
75,20,1
42,28,1
48,67,1
10,14,1
63,87,1
37,90,1
83,50,1
81,57,1
25,46,1
23,18,1
56,92,1
20,31,1
26,47,1
34,12,1
72,73,1
83,59,1
77,96,1
1,58,1
20,23,1
46,83,1
48,76,1
15,41,1
57,58,1
33,95,1
37,44,1
55,98,1
9,24,1
47,14,1
99,54,1
15,74,1
66,69,1
36,68,1
16,72,1
11,52,1
63,27,1
65,92,1
82,61,1
21,78,1
15,22,1
35,72,1
21,94,1
36,15,1
48,29,1
25,23,1
64,14,1
26,50,1
17,27,1
13,13,1
32,86,1
92,22,1
18,10,1
64,46,1
27,22,1
31,19,1
26,11,1
25,5,1
47,21,1
18,43,1
27,11,1
15,27,1
85,8,1
12,38,1
12,39,1
40,65,1
5,92,1
52,36,1
64,96,1
38,57,1
57,62,1
45,30,1
97,35,1
9,5,1
88,21,1
69,56,1
97,14,1
17,25,1
70,60,1
44,72,1
84,13,1
26,49,1
59,15,1
40,58,1
77,66,1
77,20,1
65,50,1
35,18,1
72,92,1
83,53,1
55,90,1
50,24,1
27,63,1
98,2,1
51,86,1
86,90,1
84,62,1
6,68,1
54,74,1
78,84,1
2,10,1
81,67,1
4,18,1
90,38,1
28,73,1
68,84,1
50,92,1
8,37,1
75,17,1
75,65,1
75,81,1
46,27,1
49,26,1
58,90,1
44,8,1
46,46,1
27,44,1
38,24,1
60,61,1
79,20,1
80,76,1
78,79,1
97,73,1
-68,-40,-1
-83,-72,-1
-54,-80,-1
-11,-33,-1
-34,-94,-1
-12,-43,-1
-36,-21,-1
-48,-34,-1
-86,-80,-1
-12,-10,-1
-46,-47,-1
-39,-33,-1
-25,-71,-1
-73,-65,-1
-41,-15,-1
-11,-92,-1
-89,-16,-1
-16,-76,-1
-29,-41,-1
-9,-3,-1
-73,-4,-1
-90,-76,-1
-87,-21,-1
-30,-73,-1
-49,-49,-1
-49,-54,-1
-37,-30,-1
-95,-2,-1
-83,-80,-1
-64,-20,-1
-77,-20,-1
-54,-96,-1
-58,-84,-1
-22,-53,-1
-18,-27,-1
-63,-40,-1
-23,-50,-1
-31,-83,-1
-93,-52,-1
-92,-11,-1
-99,-37,-1
-11,-31,-1
-72,-45,-1
-3,-72,-1
-61,-92,-1
-97,-66,-1
-18,-54,-1
-12,-18,-1
-30,-8,-1
-88,-49,-1
-29,-64,-1
-72,-95,-1
-59,-72,-1
-64,-42,-1
-9,-23,-1
-26,-81,-1
-32,-5,-1
-29,-23,-1
-39,-65,-1
-41,-58,-1
-84,-70,-1
-99,-72,-1
-87,-97,-1
-52,-53,-1
-30,-19,-1
-64,-53,-1
-93,-55,-1
-24,-73,-1
-9,-64,-1
-68,-62,-1
-5,-84,-1
-41,-75,-1
-4,-8,-1
-92,-21,-1
-46,-48,-1
-36,-32,-1
-55,-3,-1
-78,-72,-1
-74,-86,-1
-50,-17,-1
-80,-2,-1
-27,-93,-1
-55,-11,-1
-61,-54,-1
-16,-28,-1
-99,-19,-1
-61,-35,-1
-35,-96,-1
-88,-8,-1
-84,-16,-1
-40,-47,-1
-14,-47,-1
-87,-23,-1
-21,-4,-1
-49,-87,-1
-86,-45,-1
-60,-85,-1
-79,-47,-1
-13,-67,-1
-9,-12,-1
-48,-94,-1
-84,-85,-1
-1,-19,-1
-31,-50,-1
-79,-2,-1
-31,-4,-1
-37,-62,-1
-30,-78,-1
-86,-97,-1
-37,-7,-1
-7,-62,-1
-55,-75,-1
-35,-73,-1
-65,-88,-1
-98,-40,-1
-26,-98,-1
-42,-88,-1
-40,-80,-1
-80,-7,-1
-46,-78,-1
-92,-49,-1
-41,-60,-1
-31,-21,-1
-2,-75,-1
-94,-66,-1
-25,-87,-1
-79,-71,-1
-36,-37,-1
-89,-57,-1
-16,-20,-1
-42,-15,-1
-89,-91,-1
-61,-76,-1
-22,-46,-1
-66,-6,-1
-35,-91,-1
-89,-70,-1
-3,-12,-1
-78,-29,-1
-18,-30,-1
-8,-26,-1
-31,-24,-1
-5,-85,-1
-63,-79,-1
-90,-84,-1
-5,-74,-1
-33,-1,-1
-19,-90,-1
-19,-13,-1
-39,-12,-1
-84,-48,-1
-4,-14,-1
-22,-97,-1
-44,-76,-1
-30,-61,-1
-42,-85,-1
-31,-53,-1
-57,-91,-1
-9,-93,-1
-7,-40,-1
-41,-8,-1
-36,-65,-1
-75,-13,-1
-75,-85,-1
-16,-67,-1
-71,-16,-1
-39,-66,-1
-16,-2,-1
-92,-99,-1
-58,-56,-1
-87,-42,-1
-67,-70,-1
-16,-10,-1
-8,-74,-1
-27,-62,-1
-8,-9,-1
-39,-24,-1
-21,-31,-1
-24,-67,-1
-21,-57,-1
-25,-46,-1
-62,-8,-1
-93,-83,-1
-12,-57,-1
-95,-66,-1
-75,-57,-1
-65,-55,-1
-64,-10,-1
-66,-75,-1
-84,-63,-1
-79,-20,-1
-71,-13,-1
-63,-15,-1
-84,-3,-1
-96,-84,-1
-82,-18,-1
-98,-77,-1
-88,-98,-1
-68,-19,-1
-43,-37,-1
-90,-62,-1
-88,-2,-1
-4,-69,-1
-81,-48,-1
-6,-70,-1
-60,-57,-1
-65,-36,-1
-39,-89,-1
-58,-26,-1
-40,-98,-1
-47,-63,-1
-57,-63,-1
-2,-53,-1
-44,-56,-1
-30,-15,-1
-45,-6,-1
-41,-45,-1
-9,-71,-1
-1,-83,-1
-18,-13,-1
-91,-33,-1
-29,-24,-1
-89,-57,-1
-84,-37,-1
-67,-58,-1
-98,-86,-1
-53,-1,-1
-98,-49,-1
-33,-11,-1
-96,-14,-1
-49,-71,-1
-98,-33,-1
-49,-14,-1
-65,-88,-1
-38,-49,-1
-60,-85,-1
-58,-58,-1
-67,-44,-1
-63,-39,-1
-31,-53,-1
-3,-17,-1
-50,-69,-1
-47,-81,-1
-73,-19,-1
-93,-73,-1
-18,-74,-1
-32,-46,-1
-67,-26,-1
-66,-48,-1
-25,-13,-1
-36,-24,-1
-78,-3,-1
-62,-46,-1
-54,-97,-1
-19,-95,-1
-34,-40,-1
-6,-4,-1
-60,-90,-1
-39,-23,-1
-95,-55,-1
-91,-36,-1
-54,-69,-1
-78,-96,-1
-30,-20,-1
-59,-29,-1
-37,-54,-1
-43,-79,-1
-1,-52,-1
-40,-85,-1
-34,-88,-1
-37,-89,-1
-47,-7,-1
-99,-59,-1
-11,-5,-1
-90,-92,-1
-99,-70,-1
-81,-60,-1
-90,-68,-1
-33,-45,-1
-90,-49,-1
-9,-35,-1
-61,-40,-1
-52,-98,-1
-47,-96,-1
-76,-63,-1
-78,-8,-1
-90,-88,-1
-50,-85,-1
-42,-90,-1
-96,-90,-1
-68,-59,-1
-33,-43,-1
-63,-57,-1
-48,-46,-1
-40,-6,-1
-20,-10,-1
-79,-24,-1
-93,-73,-1
-9,-90,-1
-22,-22,-1
-85,-72,-1
-72,-44,-1
-20,-57,-1
-91,-20,-1
-96,-11,-1
-53,-26,-1
-37,-26,-1
-28,-52,-1
-87,-41,-1
-90,-34,-1
-47,-94,-1
-30,-62,-1
-2,-24,-1
-91,-47,-1
-23,-37,-1
-31,-99,-1
-16,-74,-1
-30,-73,-1
-90,-13,-1
-69,-91,-1
-74,-38,-1
-65,-97,-1
-66,-37,-1
-98,-25,-1
-39,-69,-1
-26,-7,-1
-19,-73,-1
-14,-36,-1
-33,-59,-1
-83,-37,-1
-23,-31,-1
-83,-44,-1
-17,-94,-1
-72,-24,-1
-66,-4,-1
-22,-47,-1
-78,-21,-1
-16,-78,-1
-20,-49,-1
-18,-68,-1
-26,-4,-1
-6,-19,-1
-14,-45,-1
-80,-31,-1
-11,-47,-1
-13,-81,-1
-21,-24,-1
-80,-18,-1
-71,-85,-1
-64,-55,-1
-93,-24,-1
-19,-51,-1
-16,-89,-1
-29,-56,-1
-61,-6,-1
-13,-28,-1
-31,-68,-1
-87,-74,-1
-93,-4,-1
-61,-1,-1
-13,-10,-1
-48,-62,-1
-76,-61,-1
-88,-3,-1
-5,-95,-1
-36,-92,-1
-5,-86,-1
-13,-11,-1
-93,-67,-1
-3,-61,-1
-92,-10,-1
-26,-70,-1
-58,-98,-1
-16,-6,-1
-58,-36,-1
-28,-19,-1
-60,-33,-1
-86,-48,-1
-84,-9,-1
-74,-1,-1
-82,-46,-1
-61,-24,-1
-37,-93,-1
-25,-34,-1
-45,-35,-1
-12,-88,-1
-70,-89,-1
-90,-40,-1
-8,-36,-1
-80,-78,-1
-14,-34,-1
-6,-86,-1
-61,-12,-1
-35,-43,-1
-79,-2,-1
-68,-98,-1
-74,-97,-1
-81,-55,-1
-95,-10,-1
-69,-6,-1
-97,-85,-1
-10,-5,-1
-10,-14,-1
-7,-56,-1
-85,-29,-1
-70,-47,-1
-48,-65,-1
-63,-21,-1
-82,-81,-1
-34,-72,-1
-38,-6,-1
-92,-52,-1
-30,-72,-1
-1,-45,-1
-15,-92,-1
-56,-80,-1
-97,-59,-1
-60,-77,-1
-55,-41,-1
-14,-93,-1
-86,-12,-1
-24,-59,-1
-98,-64,-1
-97,-56,-1
-87,-49,-1
-16,-4,-1
-77,-97,-1
-95,-44,-1
-80,-80,-1
-75,-31,-1
-96,-16,-1
-2,-21,-1
-32,-13,-1
-58,-83,-1
-74,-55,-1
-89,-52,-1
-62,-17,-1
-59,-24,-1
-44,-35,-1
-39,-12,-1
-73,-19,-1
-2,-27,-1
-94,-76,-1
-79,-13,-1
-59,-31,-1
-36,-85,-1
-95,-35,-1
-38,-28,-1
-1,-68,-1
-35,-77,-1
-52,-25,-1
-28,-7,-1
-93,-51,-1
-91,-84,-1
-89,-90,-1
-35,-28,-1
-82,-72,-1
-63,-65,-1
-71,-96,-1
-14,-23,-1
-84,-53,-1
-71,-95,-1
-4,-8,-1
-90,-58,-1
-37,-76,-1
-15,-84,-1
-65,-33,-1
-11,-62,-1
-80,-35,-1
-75,-89,-1
-91,-34,-1
-44,-77,-1
-44,-55,-1
-4,-74,-1
-69,-66,-1
-22,-27,-1
-61,-40,-1
-77,-36,-1
-10,-43,-1
-25,-42,-1
-22,-36,-1
-39,-99,-1
-5,-81,-1
-46,-24,-1
-89,-93,-1
-3,-76,-1
-36,-29,-1
-53,-57,-1
-43,-13,-1
-52,-98,-1
-43,-72,-1
-25,-8,-1
-48,-22,-1
-62,-94,-1
-83,-28,-1
-78,-57,-1
-18,-61,-1
-83,-40,-1
-12,-31,-1
-69,-69,-1
-11,-24,-1
-40,-17,-1
-96,-57,-1
-60,-3,-1
-93,-14,-1
-9,-33,-1
-27,-68,-1
-21,-94,-1
-1,-75,-1
-80,-52,-1
-77,-31,-1
-87,-78,-1
-36,-23,-1
-26,-98,-1
-97,-61,-1
-1,-34,-1
-79,-85,-1
-46,-52,-1
-93,-89,-1
-80,-64,-1
-34,-7,-1
-14,-87,-1
-81,-56,-1
-70,-30,-1
-49,-74,-1
-65,-21,-1
-57,-7,-1
-9,-81,-1
-33,-81,-1
-48,-45,-1
-54,-48,-1
-14,-99,-1
-44,-8,-1
-1,-61,-1
-65,-53,-1
-66,-47,-1
-40,-39,-1
-63,-44,-1
-75,-33,-1
-39,-93,-1
-86,-90,-1
-42,-23,-1
-44,-86,-1
-59,-24,-1
-64,-3,-1
-4,-56,-1
-19,-55,-1
-45,-30,-1
-52,-79,-1
-20,-93,-1
-41,-22,-1
-89,-99,-1
-13,-29,-1
-98,-57,-1
-39,-99,-1
-2,-45,-1
-62,-56,-1
-48,-2,-1
-70,-23,-1
-91,-53,-1
-16,-61,-1
-24,-41,-1
-78,-74,-1
-32,-36,-1
-86,-22,-1
-73,-41,-1
-81,-53,-1
-24,-74,-1
-84,-92,-1
-96,-83,-1
-70,-74,-1
-27,-85,-1
-85,-4,-1
-38,-92,-1
-73,-56,-1
-92,-54,-1
-21,-50,-1
-1,-13,-1
-58,-93,-1
-46,-2,-1
-3,-17,-1
-70,-77,-1
-35,-70,-1
-6,-76,-1
-14,-59,-1
-57,-91,-1
-3,-1,-1
-43,-33,-1
-78,-75,-1
-76,-72,-1
-54,-18,-1
-1,-71,-1
-72,-65,-1
-38,-49,-1
-4,-98,-1
-39,-98,-1
-68,-85,-1
-74,-22,-1
-75,-79,-1
-87,-90,-1
-30,-23,-1
-20,-8,-1
-94,-97,-1
-34,-39,-1
-95,-32,-1
-12,-23,-1
-22,-74,-1
-7,-7,-1
-75,-95,-1
-11,-92,-1
-41,-54,-1
-26,-51,-1
-22,-76,-1
-27,-84,-1
-47,-79,-1
-67,-70,-1
-17,-64,-1
-92,-18,-1
-43,-90,-1
-5,-20,-1
-28,-42,-1
-66,-69,-1
-48,-8,-1
-97,-27,-1
-67,-87,-1
-11,-3,-1
-78,-94,-1
-79,-81,-1
-79,-15,-1
-44,-63,-1
-95,-48,-1
-41,-83,-1
-87,-38,-1
-61,-75,-1
-8,-73,-1
-36,-43,-1
-49,-31,-1
-27,-42,-1
-36,-4,-1
-72,-70,-1
-28,-79,-1
-30,-7,-1
-86,-84,-1
-1,-47,-1
-45,-10,-1
-41,-55,-1
-80,-77,-1
-86,-10,-1
-40,-84,-1
-59,-86,-1
-52,-52,-1
-63,-52,-1
-25,-17,-1
-70,-66,-1
-22,-63,-1
-68,-65,-1
-49,-73,-1
-77,-62,-1
-41,-70,-1
-1,-29,-1
-97,-44,-1
-62,-56,-1
-61,-62,-1
-41,-74,-1
-67,-7,-1
-42,-91,-1
-84,-46,-1
-45,-85,-1
-26,-29,-1
-42,-5,-1
-95,-60,-1
-80,-84,-1
-96,-98,-1
-54,-78,-1
-68,-99,-1
-78,-48,-1
-87,-51,-1
-60,-14,-1
-11,-16,-1
-79,-96,-1
-22,-59,-1
-7,-82,-1
-66,-84,-1
-91,-23,-1
-18,-31,-1
-21,-67,-1
-75,-7,-1
-9,-94,-1
-76,-6,-1
-31,-89,-1
-18,-36,-1
-90,-99,-1
-31,-81,-1
-93,-53,-1
-53,-22,-1
-32,-95,-1
-96,-4,-1
-1,-87,-1
-29,-52,-1
-52,-49,-1
-19,-90,-1
-78,-52,-1
-41,-77,-1
-54,-23,-1
-96,-93,-1
-35,-77,-1
-7,-48,-1
-22,-83,-1
-33,-99,-1
-31,-41,-1
-68,-36,-1
-7,-68,-1
-20,-53,-1
-60,-30,-1
-14,-28,-1
-2,-32,-1
-23,-64,-1
-46,-1,-1
-41,-21,-1
-49,-52,-1
-94,-2,-1
-14,-48,-1
-20,-47,-1
-85,-16,-1
-77,-21,-1
-13,-31,-1
-23,-27,-1
-77,-6,-1
-67,-8,-1
-4,-39,-1
-8,-75,-1
-91,-23,-1
-47,-47,-1
-19,-76,-1
-91,-99,-1
-25,-40,-1
-66,-44,-1
-12,-25,-1
-45,-89,-1
-41,-22,-1
-98,-15,-1
-41,-74,-1
-53,-86,-1
-54,-74,-1
-27,-57,-1
-34,-52,-1
-18,-91,-1
-12,-8,-1
-28,-59,-1
-10,-99,-1
-15,-45,-1
-19,-21,-1
-49,-51,-1
-64,-7,-1
-59,-23,-1
-18,-75,-1
-41,-12,-1
-54,-36,-1
-77,-99,-1
-31,-19,-1
-23,-19,-1
-21,-83,-1
-7,-19,-1
-36,-34,-1
-45,-23,-1
-96,-30,-1
-23,-25,-1
-95,-7,-1
-49,-11,-1
-63,-79,-1
-54,-9,-1
-47,-93,-1
-48,-12,-1
-6,-68,-1
-71,-42,-1
-79,-47,-1
-31,-43,-1
-95,-25,-1
-39,-41,-1
-12,-27,-1
-17,-11,-1
-58,-99,-1
-8,-36,-1
-80,-49,-1
-79,-98,-1
-20,-67,-1
-32,-63,-1
-33,-2,-1
-98,-18,-1
-67,-28,-1
-71,-66,-1
-1,-87,-1
-72,-99,-1
-52,-46,-1
-61,-59,-1
-9,-71,-1
-59,-78,-1
-50,-10,-1
-51,-66,-1
-67,-36,-1
-66,-76,-1
-31,-82,-1
-91,-52,-1
-90,-25,-1
-40,-7,-1
-23,-19,-1
-45,-32,-1
-39,-65,-1
-27,-32,-1
-93,-30,-1
-92,-19,-1
-13,-43,-1
-61,-13,-1
-64,-84,-1
-45,-29,-1
-77,-78,-1
-2,-97,-1
-70,-55,-1
-47,-27,-1
-82,-72,-1
-55,-53,-1
-79,-49,-1
-37,-10,-1
-28,-92,-1
-15,-79,-1
-22,-95,-1
-63,-97,-1
-83,-6,-1
-43,-27,-1
-35,-25,-1
-58,-71,-1
-54,-22,-1
-96,-61,-1
-31,-8,-1
-71,-38,-1
-44,-70,-1
-4,-26,-1
-97,-28,-1
-74,-48,-1
-19,-71,-1
-2,-27,-1
-86,-46,-1
-14,-6,-1
-23,-17,-1
-66,-6,-1
-24,-98,-1
-18,-39,-1
-90,-10,-1
-1,-21,-1
-40,-31,-1
-79,-10,-1
-85,-41,-1
-9,-25,-1
-91,-10,-1
-61,-73,-1
-92,-82,-1
-17,-97,-1
-38,-60,-1
-76,-62,-1
-15,-34,-1
-62,-89,-1
-15,-68,-1
-98,-45,-1
-22,-30,-1
-14,-53,-1
-96,-38,-1
-89,-39,-1
-31,-6,-1
-11,-52,-1
-37,-88,-1
-64,-64,-1
-27,-28,-1
-71,-2,-1
-77,-75,-1
-25,-21,-1
-75,-85,-1
-59,-25,-1
-42,-9,-1
-53,-41,-1
-37,-70,-1
-5,-95,-1
-79,-42,-1
-48,-75,-1
-70,-7,-1
-4,-18,-1
-93,-94,-1
-56,-65,-1
-99,-95,-1
-76,-5,-1
-89,-76,-1
-40,-90,-1
-98,-89,-1
-16,-33,-1
-65,-73,-1
-67,-5,-1
-43,-49,-1
-50,-5,-1
-52,-9,-1
-44,-15,-1
-70,-57,-1
-47,-41,-1
-16,-5,-1
-56,-33,-1
-53,-43,-1
-77,-4,-1
-44,-59,-1
-14,-39,-1
-23,-77,-1
-22,-53,-1
-29,-56,-1
-67,-33,-1
-93,-43,-1
-88,-64,-1
-67,-64,-1
-32,-45,-1
-33,-18,-1
-69,-5,-1
-99,-34,-1
-94,-36,-1
-33,-22,-1
-92,-83,-1
-59,-85,-1
-30,-63,-1
-38,-53,-1
-52,-11,-1
-82,-19,-1
-81,-66,-1
-97,-72,-1
-75,-27,-1
-32,-72,-1
-34,-85,-1
-58,-60,-1
-16,-73,-1
-53,-2,-1
-52,-32,-1
-54,-88,-1
-82,-53,-1
-62,-77,-1
-53,-50,-1
-5,-58,-1
-97,-2,-1
-79,-65,-1
-63,-90,-1
-38,-36,-1
-34,-22,-1
-80,-87,-1
-66,-95,-1
-65,-55,-1
-64,-74,-1
-82,-95,-1
-94,-60,-1
-14,-65,-1
-9,-54,-1
-22,-99,-1
-89,-92,-1
-77,-96,-1
-28,-21,-1
-29,-17,-1
-3,-30,-1
-5,-52,-1
-42,-84,-1
-64,-12,-1
-67,-34,-1
-27,-49,-1
-23,-16,-1
-63,-87,-1
-69,-29,-1
-86,-74,-1
-80,-11,-1
-16,-99,-1
-12,-32,-1
-45,-14,-1
-68,-51,-1
-94,-85,-1
-99,-46,-1
-34,-13,-1
-8,-7,-1
-72,-65,-1
-65,-81,-1
-79,-96,-1
-33,-59,-1
-61,-56,-1
-78,-88,-1
-29,-4,-1
-62,-23,-1
-4,-39,-1
-61,-91,-1
-7,-15,-1
-93,-4,-1
-71,-33,-1
-85,-44,-1
-57,-95,-1
-9,-61,-1
-68,-98,-1
-76,-14,-1
-92,-78,-1
-95,-61,-1
-52,-96,-1
-8,-72,-1
-82,-17,-1
-24,-18,-1
-2,-68,-1
-80,-77,-1
-35,-30,-1
-15,-95,-1
-61,-84,-1
-75,-5,-1
-65,-75,-1
-67,-69,-1
-92,-9,-1
-64,-56,-1
-38,-37,-1
-75,-94,-1
-29,-75,-1
-21,-51,-1
-34,-36,-1
-52,-86,-1
-35,-2,-1
-95,-16,-1
-28,-37,-1
-94,-34,-1
-49,-61,-1
-48,-75,-1
-96,-3,-1
-8,-2,-1
-69,-51,-1
-47,-53,-1
-41,-4,-1
-32,-64,-1
-69,-76,-1
-44,-77,-1
-52,-82,-1
-85,-25,-1
-32,-23,-1
-85,-47,-1
-27,-40,-1
-59,-16,-1
-81,-70,-1
-73,-15,-1
-19,-61,-1
-19,-6,-1
-94,-44,-1
-56,-58,-1
-5,-94,-1
-55,-47,-1
-70,-67,-1
-87,-5,-1
-8,-3,-1
-25,-4,-1
-37,-64,-1
-99,-86,-1
-25,-47,-1
-13,-98,-1
-3,-5,-1
-24,-59,-1
-72,-35,-1
-72,-25,-1
-62,-32,-1
-26,-29,-1
-50,-45,-1
-95,-91,-1
-90,-77,-1
-57,-37,-1
-91,-40,-1
-72,-99,-1
-94,-38,-1
-60,-89,-1
-70,-25,-1
-81,-10,-1
-59,-88,-1
-75,-87,-1
-18,-32,-1
-22,-21,-1
-90,-41,-1
-86,-25,-1
-29,-80,-1
-81,-60,-1
-35,-23,-1
-26,-47,-1
-41,-34,-1
-29,-77,-1
-46,-71,-1
-33,-80,-1
-41,-3,-1
-53,-70,-1
-34,-82,-1
-4,-24,-1
-22,-8,-1
-39,-34,-1
-58,-30,-1
-94,-14,-1
-87,-52,-1
-84,-48,-1
-82,-95,-1
-75,-47,-1
-75,-30,-1
-56,-54,-1
-68,-17,-1
-71,-25,-1
-24,-51,-1
-72,-90,-1
-13,-16,-1
-62,-49,-1
-83,-69,-1
-41,-20,-1
-43,-99,-1
-87,-89,-1
-52,-62,-1
-91,-30,-1
-54,-43,-1
-52,-66,-1
-61,-36,-1
-21,-30,-1
-44,-98,-1
-57,-47,-1
-32,-90,-1
-53,-3,-1
-7,-85,-1
-2,-55,-1
-79,-97,-1
-15,-39,-1
-56,-52,-1
-86,-32,-1
-35,-4,-1
-46,-75,-1
-34,-60,-1
-32,-31,-1
-68,-28,-1
-73,-3,-1
-37,-5,-1
-28,-81,-1
-67,-66,-1
-43,-68,-1
-82,-56,-1
-33,-40,-1
-73,-57,-1
-87,-5,-1
-70,-83,-1
-48,-19,-1
-26,-58,-1
-32,-58,-1
-13,-56,-1
-76,-25,-1
-17,-66,-1
-83,-28,-1
-39,-69,-1
-80,-39,-1
-8,-51,-1
-7,-61,-1
-5,-7,-1
-32,-91,-1
-77,-75,-1
-8,-39,-1
-48,-77,-1
-64,-69,-1
-57,-46,-1
-27,-18,-1
-22,-95,-1
-43,-78,-1
-92,-66,-1
-68,-4,-1
-47,-17,-1
-68,-74,-1
-47,-54,-1
-44,-66,-1
-12,-72,-1
-40,-92,-1
-93,-49,-1
-34,-69,-1
-87,-5,-1
-9,-26,-1
-18,-18,-1
-37,-15,-1
-96,-82,-1
-28,-68,-1
-77,-59,-1
-8,-66,-1
-61,-75,-1
-59,-49,-1
-53,-48,-1
-16,-73,-1
-94,-34,-1
-68,-31,-1
-76,-87,-1
-17,-84,-1
-25,-60,-1
-44,-90,-1
-55,-36,-1
-57,-26,-1
-15,-89,-1
-76,-33,-1
-32,-23,-1
-55,-2,-1
-61,-52,-1
-50,-10,-1
-26,-86,-1
-89,-84,-1
-4,-30,-1
-92,-92,-1
-43,-66,-1
-41,-67,-1
-28,-66,-1
-80,-52,-1
-80,-10,-1
-83,-91,-1
-64,-68,-1
-2,-11,-1
-57,-29,-1
-53,-25,-1
-31,-71,-1
-17,-47,-1
-70,-59,-1
-1,-83,-1
-41,-16,-1
-85,-59,-1
-10,-1,-1
-54,-79,-1
-23,-78,-1
-62,-2,-1
-83,-26,-1
-51,-56,-1
-66,-66,-1
-79,-48,-1
-35,-82,-1
-74,-2,-1
-88,-22,-1
-79,-78,-1
-64,-15,-1
-54,-9,-1
-5,-76,-1
-79,-48,-1
-49,-99,-1
-16,-31,-1
-11,-45,-1
-1,-38,-1
-54,-11,-1
-29,-15,-1
-85,-12,-1
-78,-73,-1
-91,-56,-1
-74,-90,-1
-11,-58,-1
-9,-61,-1
-53,-70,-1
-38,-78,-1
-4,-97,-1
-97,-19,-1
-15,-54,-1
-32,-55,-1
-91,-55,-1
-70,-93,-1
-34,-93,-1
-33,-68,-1
-18,-89,-1
-60,-54,-1
-49,-85,-1
-81,-92,-1
-29,-79,-1
-86,-85,-1
-65,-32,-1
-27,-87,-1
-67,-36,-1
-79,-22,-1
-18,-16,-1
-24,-91,-1
-95,-16,-1
-84,-47,-1
-57,-4,-1
-66,-75,-1
-87,-92,-1
-4,-37,-1
-36,-84,-1
-8,-53,-1
-44,-54,-1
-27,-76,-1
-18,-4,-1
-99,-76,-1
-52,-7,-1
-18,-92,-1
-97,-53,-1
-73,-35,-1
-50,-32,-1
-5,-13,-1
-9,-29,-1
-74,-79,-1
-23,-76,-1
-86,-96,-1
-61,-15,-1
-27,-86,-1
-23,-1,-1
-46,-22,-1
-4,-55,-1
-54,-42,-1
-66,-54,-1
-66,-61,-1
-19,-14,-1
-12,-56,-1
-82,-9,-1
-75,-87,-1
-38,-10,-1
-63,-36,-1
-85,-69,-1
-94,-36,-1
-9,-37,-1
-15,-48,-1
-74,-60,-1
-26,-10,-1
-61,-34,-1
-50,-66,-1
-27,-96,-1
-71,-56,-1
-11,-52,-1
-53,-4,-1
-53,-24,-1
-62,-50,-1
-42,-52,-1
-72,-49,-1
-6,-71,-1
-81,-77,-1
-48,-1,-1
-11,-62,-1
-55,-29,-1
-77,-38,-1
-40,-62,-1
-48,-47,-1
-65,-5,-1
-64,-83,-1
-39,-94,-1
-87,-53,-1
-69,-94,-1
-58,-88,-1
-16,-51,-1
-12,-79,-1
-19,-9,-1
-84,-15,-1
-10,-94,-1
-67,-12,-1
-92,-91,-1
-91,-82,-1
-54,-37,-1
-63,-45,-1
-99,-82,-1
-96,-37,-1
-41,-43,-1
-53,-75,-1
-42,-27,-1
-51,-89,-1
-9,-27,-1
-55,-4,-1
-83,-78,-1
-78,-12,-1
-51,-73,-1
-68,-71,-1
-74,-52,-1
-24,-11,-1
-51,-7,-1
-39,-11,-1
-95,-99,-1
-16,-35,-1
-49,-13,-1
-1,-27,-1
-54,-9,-1
-53,-31,-1
-15,-81,-1
-94,-60,-1
-88,-32,-1
-89,-37,-1
-70,-7,-1
-13,-76,-1
-79,-37,-1
-64,-40,-1
-17,-18,-1
-65,-41,-1
-96,-8,-1
-54,-72,-1
-19,-36,-1
-68,-60,-1
-55,-93,-1
-63,-15,-1
-15,-53,-1
-54,-52,-1
-17,-95,-1
-8,-79,-1
-58,-31,-1
-82,-40,-1
-21,-68,-1
-57,-8,-1
-22,-42,-1
-92,-65,-1
-48,-57,-1
-55,-49,-1
-14,-55,-1
-18,-42,-1
-73,-30,-1
-44,-55,-1
-7,-83,-1
-89,-83,-1
-67,-31,-1
-95,-48,-1
-41,-99,-1
-92,-86,-1
-31,-70,-1
-91,-38,-1
-56,-7,-1
-74,-12,-1
-37,-12,-1
-53,-96,-1
-42,-51,-1
-30,-78,-1
-79,-34,-1
-15,-93,-1
-85,-86,-1
-13,-82,-1
-77,-60,-1
-93,-80,-1
-8,-39,-1
-2,-2,-1
-97,-15,-1
-58,-61,-1
-83,-35,-1
-26,-37,-1
-18,-47,-1
-77,-51,-1
-25,-52,-1
-45,-23,-1
-74,-96,-1
-31,-67,-1
-7,-4,-1
-45,-84,-1
-82,-29,-1
-17,-55,-1
-24,-87,-1
-32,-25,-1
-2,-24,-1
-68,-84,-1
-96,-12,-1
-32,-32,-1
-11,-71,-1
-95,-22,-1
-55,-12,-1
-80,-48,-1
-94,-1,-1
-68,-3,-1
-32,-56,-1
-53,-71,-1
-16,-44,-1
-8,-96,-1
-84,-3,-1
-19,-98,-1
-42,-21,-1
-30,-82,-1
-99,-5,-1
-39,-8,-1
-92,-87,-1
-48,-57,-1
-23,-40,-1
-29,-63,-1
-23,-79,-1
-51,-24,-1
-78,-39,-1
-1,-12,-1
-37,-15,-1
-77,-79,-1
-5,-30,-1
-23,-82,-1
-21,-70,-1
-35,-55,-1
-27,-78,-1
-72,-77,-1
-49,-90,-1
-49,-2,-1
-51,-29,-1
-38,-58,-1
-36,-91,-1
-47,-14,-1
-88,-81,-1
-55,-92,-1
-85,-21,-1
-64,-15,-1
-12,-44,-1
-65,-59,-1
-39,-71,-1
-24,-9,-1
-72,-76,-1
-87,-3,-1
-27,-77,-1
-85,-47,-1
-35,-91,-1
-29,-73,-1
-58,-9,-1
-30,-47,-1
-60,-88,-1
-44,-57,-1
-53,-3,-1
-80,-41,-1
-98,-38,-1
-67,-53,-1
-4,-27,-1
-3,-61,-1
-35,-9,-1
-50,-64,-1
-87,-3,-1
-33,-40,-1
-28,-45,-1
-46,-62,-1
-27,-48,-1
-71,-31,-1
-86,-16,-1
-18,-60,-1
-1,-36,-1
-58,-36,-1
-64,-36,-1
-63,-74,-1
-25,-82,-1
-55,-34,-1
-58,-40,-1
-73,-34,-1
-20,-43,-1
-26,-26,-1
-55,-46,-1
-3,-88,-1
-98,-53,-1
-42,-2,-1
-27,-51,-1
-86,-49,-1
-96,-99,-1
-26,-84,-1
-57,-56,-1
-91,-42,-1
-50,-9,-1
-89,-49,-1
-54,-61,-1
-39,-96,-1
-82,-26,-1
-79,-72,-1
-27,-34,-1
-33,-43,-1
-94,-27,-1
-29,-17,-1
-18,-63,-1
-16,-16,-1
-10,-76,-1
-56,-48,-1
-14,-21,-1
-45,-29,-1
-87,-35,-1
-83,-62,-1
-30,-84,-1
-54,-42,-1
-44,-30,-1
-8,-96,-1
-45,-40,-1
-68,-39,-1
-21,-30,-1
-26,-84,-1
-12,-94,-1
-4,-2,-1
-78,-52,-1
-9,-97,-1
-6,-34,-1
-45,-87,-1
-68,-81,-1
-56,-3,-1
-9,-28,-1
-72,-4,-1
-3,-21,-1
-63,-81,-1
-13,-26,-1
-98,-15,-1
-1,-78,-1
-29,-66,-1
-42,-18,-1
-84,-91,-1
-62,-36,-1
-93,-53,-1
-26,-62,-1
-80,-84,-1
-36,-7,-1
-10,-54,-1
-97,-84,-1
-23,-80,-1
-50,-94,-1
-45,-19,-1
-96,-41,-1
-39,-25,-1
-33,-69,-1
-32,-5,-1
-43,-74,-1
-65,-97,-1
-96,-51,-1
-37,-55,-1
-2,-75,-1
-98,-70,-1
-12,-87,-1
-57,-19,-1
-45,-93,-1
-85,-60,-1
-29,-90,-1
-38,-5,-1
-72,-16,-1
-91,-54,-1
-4,-98,-1
-4,-19,-1
-89,-25,-1
-88,-56,-1
-21,-33,-1
-52,-18,-1
-14,-29,-1
-68,-3,-1
-49,-55,-1
-58,-3,-1
-11,-31,-1
-16,-71,-1
-43,-76,-1
-13,-18,-1
-65,-98,-1
-59,-9,-1
-50,-24,-1
-71,-51,-1
-80,-54,-1
-33,-21,-1
-8,-25,-1
-73,-98,-1
-7,-19,-1
-10,-42,-1
-34,-93,-1
-26,-89,-1
-30,-16,-1
-51,-65,-1
-65,-83,-1
-13,-90,-1
-60,-18,-1
-5,-62,-1
-88,-27,-1
-87,-72,-1
-72,-19,-1
-87,-18,-1
-31,-91,-1
-98,-40,-1
-70,-17,-1
-47,-9,-1
-51,-83,-1
-56,-25,-1
-1,-84,-1
-70,-52,-1
-56,-71,-1
-22,-75,-1
-53,-28,-1
-88,-37,-1
-79,-1,-1
-18,-29,-1
-58,-18,-1
-21,-51,-1
-96,-89,-1
-54,-45,-1
-18,-26,-1
-56,-60,-1
-37,-54,-1
-47,-96,-1
-54,-27,-1
-63,-56,-1
-9,-16,-1
-31,-80,-1
-5,-47,-1
-32,-21,-1
-89,-45,-1
-90,-31,-1
-30,-70,-1
-33,-7,-1
-58,-82,-1
-98,-18,-1
-83,-36,-1
-57,-67,-1
-28,-45,-1
-3,-85,-1
-32,-45,-1
-36,-86,-1
-96,-95,-1
-3,-92,-1
-39,-46,-1
-78,-36,-1
-14,-60,-1
-1,-9,-1
-43,-74,-1
-68,-39,-1
-83,-95,-1
-33,-66,-1
-36,-68,-1
-73,-59,-1
-20,-85,-1
-10,-89,-1
-20,-17,-1
-18,-76,-1
-77,-19,-1
-87,-24,-1
-36,-66,-1
-73,-58,-1
-26,-7,-1
-20,-83,-1
-20,-58,-1
-81,-68,-1
-47,-60,-1
-83,-13,-1
-66,-17,-1
-78,-13,-1
-33,-22,-1
-56,-97,-1
-97,-21,-1
-8,-7,-1
-16,-25,-1
-11,-3,-1
-19,-19,-1
-52,-1,-1
-6,-70,-1
-36,-10,-1
-19,-63,-1
-7,-62,-1
-59,-78,-1
-26,-31,-1
-46,-53,-1
-2,-87,-1
-10,-11,-1
-21,-88,-1
-11,-32,-1
-73,-97,-1
-99,-55,-1
-10,-1,-1
-89,-83,-1
-10,-7,-1
-56,-32,-1
-48,-6,-1
-70,-82,-1
-16,-64,-1
-54,-87,-1
-43,-70,-1
-91,-41,-1
-62,-58,-1
-31,-63,-1
-93,-40,-1
-41,-89,-1
-63,-92,-1
-95,-60,-1
-57,-21,-1
-31,-56,-1
-13,-73,-1
-96,-12,-1
-29,-48,-1
-10,-8,-1
-76,-97,-1
-8,-55,-1
-21,-9,-1
-15,-32,-1
-74,-71,-1
-76,-88,-1
-88,-86,-1
-1,-94,-1
-70,-73,-1
-76,-65,-1
-88,-12,-1
-61,-35,-1
-71,-25,-1
-92,-35,-1
-6,-70,-1
-28,-9,-1
-31,-75,-1
-38,-43,-1
-69,-56,-1
-81,-48,-1
-42,-64,-1
-30,-33,-1
-18,-9,-1
-88,-23,-1
-59,-4,-1
-47,-32,-1
-98,-70,-1
-63,-84,-1
-55,-16,-1
-41,-87,-1
-4,-72,-1
-10,-81,-1
-6,-68,-1
-75,-29,-1
-90,-5,-1
-68,-35,-1
-90,-94,-1
-44,-74,-1
-66,-18,-1
-90,-46,-1
-88,-61,-1
-88,-76,-1
-18,-73,-1
-94,-44,-1
-66,-29,-1
-10,-39,-1
-29,-61,-1
-4,-48,-1
-18,-92,-1
-12,-53,-1
-69,-70,-1
-78,-95,-1
-57,-70,-1
-72,-28,-1
-37,-63,-1
-2,-67,-1
-16,-41,-1
-77,-81,-1
-64,-47,-1
-50,-49,-1
-36,-39,-1
-52,-83,-1
-10,-57,-1
-9,-96,-1
-76,-60,-1
-57,-50,-1
-47,-57,-1
-28,-84,-1
-74,-17,-1
-74,-94,-1
-49,-19,-1
-22,-11,-1
-89,-21,-1
-24,-30,-1
-21,-37,-1
-80,-95,-1
-24,-32,-1
-63,-83,-1
-70,-6,-1
-85,-40,-1
-97,-3,-1
-66,-4,-1
-72,-50,-1
-47,-20,-1
-87,-37,-1
-20,-30,-1
-14,-30,-1
-39,-24,-1
-9,-53,-1
-32,-39,-1
-97,-55,-1
-32,-71,-1
-23,-63,-1
-21,-52,-1
-26,-7,-1
-20,-79,-1
-51,-50,-1
-38,-73,-1
-31,-49,-1
-1,-41,-1
-57,-68,-1
-26,-4,-1
-37,-84,-1
-97,-82,-1
-46,-95,-1
-9,-19,-1
-47,-36,-1
-74,-86,-1
-10,-88,-1
-77,-61,-1
-41,-26,-1
-22,-81,-1
-65,-60,-1
-5,-74,-1
-73,-14,-1
-39,-51,-1
-81,-77,-1
-9,-77,-1
-42,-24,-1
-95,-1,-1
-9,-35,-1
-7,-88,-1
-3,-82,-1
-13,-94,-1
-43,-12,-1
-23,-51,-1
-40,-38,-1
-58,-71,-1
-79,-58,-1
-32,-94,-1
-1,-69,-1
-53,-16,-1
-93,-33,-1
-60,-25,-1
-84,-88,-1
-94,-97,-1
-90,-67,-1
-35,-19,-1
-6,-75,-1
-58,-93,-1
-92,-6,-1
-16,-2,-1
-62,-6,-1
-5,-71,-1
-57,-59,-1
-2,-87,-1
-25,-30,-1
-38,-45,-1
-63,-62,-1
-56,-72,-1
-32,-54,-1
-43,-87,-1
-2,-54,-1
-96,-63,-1
-28,-12,-1
-33,-38,-1
-79,-75,-1
-91,-18,-1
-8,-91,-1
-95,-55,-1
-83,-67,-1
-87,-74,-1
-13,-41,-1
-84,-91,-1
-5,-64,-1
-99,-73,-1
-53,-28,-1
-19,-74,-1
-51,-45,-1
-38,-14,-1
-28,-46,-1
-30,-41,-1
-46,-46,-1
-36,-14,-1
-86,-30,-1
-24,-46,-1
-84,-95,-1
-59,-34,-1
-18,-57,-1
-41,-93,-1
-37,-93,-1
-27,-33,-1
-28,-52,-1
-1,-82,-1
-51,-22,-1
-34,-92,-1
-15,-71,-1
-88,-87,-1
-43,-64,-1
-28,-82,-1
-71,-77,-1
-20,-12,-1
-74,-42,-1
-35,-28,-1
-79,-44,-1
-58,-7,-1
-21,-96,-1
-23,-48,-1
-44,-79,-1
-88,-19,-1
-72,-61,-1
-83,-67,-1
-88,-96,-1
-49,-46,-1
-28,-48,-1
-2,-60,-1
-87,-53,-1
-54,-89,-1
-84,-97,-1
-90,-84,-1
-9,-88,-1
-14,-13,-1
-79,-78,-1
-12,-69,-1
-42,-53,-1
-71,-1,-1
-32,-25,-1
-77,-53,-1
-92,-21,-1
-63,-56,-1
-94,-42,-1
-2,-19,-1
-86,-31,-1
-65,-62,-1
-51,-32,-1
-57,-56,-1
-91,-79,-1
-7,-90,-1
-33,-52,-1
-41,-77,-1
-6,-31,-1
-28,-81,-1
-6,-47,-1
-74,-9,-1
-71,-76,-1
-42,-75,-1
-16,-29,-1
-39,-8,-1
-63,-17,-1
-48,-80,-1
-42,-48,-1
-99,-55,-1
-79,-33,-1
-89,-61,-1
-9,-23,-1
-90,-26,-1
-52,-97,-1
-21,-16,-1
-89,-28,-1
-91,-90,-1
-2,-48,-1
-98,-73,-1
-28,-62,-1
-51,-58,-1
-43,-82,-1
-49,-98,-1
-53,-23,-1
-49,-27,-1
-44,-78,-1
-88,-39,-1
-61,-96,-1
-21,-5,-1
-71,-10,-1
-88,-75,-1
-17,-94,-1
-71,-88,-1
-66,-93,-1
-79,-28,-1
-72,-33,-1
-95,-71,-1
-61,-85,-1
-69,-55,-1
-15,-71,-1
-41,-59,-1
-34,-24,-1
-85,-28,-1
-21,-12,-1
-71,-52,-1
-93,-14,-1
-22,-38,-1
-82,-64,-1
-87,-49,-1
-96,-16,-1
-75,-61,-1
-1,-15,-1
-59,-59,-1
-98,-23,-1
-33,-18,-1
-63,-32,-1
-91,-98,-1
-41,-3,-1
-85,-22,-1
-55,-33,-1
-11,-67,-1
-13,-96,-1
-93,-99,-1
-50,-1,-1
-8,-80,-1
-64,-27,-1
-18,-76,-1
-2,-28,-1
-17,-86,-1
-82,-29,-1
-64,-9,-1
-49,-53,-1
-51,-18,-1
-84,-58,-1
-38,-92,-1
-88,-28,-1
-75,-23,-1
-23,-87,-1
-17,-64,-1
-90,-20,-1
-8,-33,-1
-71,-77,-1
-86,-46,-1
-16,-94,-1
-75,-84,-1
-97,-31,-1
-38,-7,-1
-16,-78,-1
-9,-25,-1
-31,-15,-1
-32,-94,-1
-24,-85,-1
-89,-59,-1
-97,-13,-1
-7,-4,-1
-29,-89,-1
-76,-23,-1
-56,-10,-1
-89,-22,-1
-59,-54,-1
-95,-37,-1
-76,-81,-1
-48,-12,-1
-89,-33,-1
-9,-96,-1
-11,-97,-1
-42,-73,-1
-31,-31,-1
-94,-53,-1
-32,-37,-1
-46,-52,-1
-93,-61,-1
-81,-3,-1
-15,-18,-1
-23,-48,-1
-82,-75,-1
-27,-48,-1
-61,-76,-1
-74,-88,-1
-59,-63,-1
-18,-95,-1
-42,-8,-1
-96,-40,-1
-12,-46,-1
-31,-67,-1
-13,-62,-1
-54,-78,-1
-40,-92,-1
-45,-70,-1
-93,-75,-1
-73,-22,-1
-18,-28,-1
-82,-54,-1
-90,-78,-1
-72,-24,-1
-35,-2,-1
-25,-18,-1
-20,-71,-1
-19,-72,-1
-71,-26,-1
-70,-15,-1
-66,-80,-1
-73,-54,-1
-57,-29,-1
-33,-39,-1
-18,-37,-1
-68,-51,-1
-26,-58,-1
-51,-30,-1
-60,-54,-1
-39,-58,-1
-35,-7,-1
-83,-50,-1
-69,-2,-1
-11,-42,-1
-70,-4,-1
-18,-66,-1
-72,-8,-1
-21,-52,-1
-53,-37,-1
-35,-68,-1
-63,-50,-1
-89,-24,-1
-1,-33,-1
-19,-41,-1
-18,-58,-1
-46,-77,-1
-23,-55,-1
-29,-74,-1
-55,-25,-1
-11,-51,-1
-74,-9,-1
-15,-26,-1
-8,-60,-1
-78,-34,-1
-3,-68,-1
-11,-4,-1
-59,-25,-1
-20,-70,-1
-83,-37,-1
-98,-83,-1
-21,-41,-1
-95,-62,-1
-44,-76,-1
-59,-6,-1
-10,-33,-1
-51,-95,-1
-20,-41,-1
-72,-75,-1
-14,-34,-1
-41,-40,-1
-43,-44,-1
-4,-9,-1
-94,-59,-1
-30,-12,-1
-29,-26,-1
-15,-16,-1
-95,-63,-1
-56,-97,-1
-93,-39,-1
-21,-66,-1
-10,-65,-1
-63,-49,-1
-3,-91,-1
-66,-34,-1
-26,-38,-1
-69,-73,-1
-59,-32,-1
-91,-61,-1
-73,-31,-1
-66,-28,-1
-95,-88,-1
-79,-77,-1
-18,-9,-1
-56,-82,-1
-91,-88,-1
-90,-58,-1
-55,-2,-1
-50,-52,-1
-77,-93,-1
-13,-20,-1
-39,-38,-1
-74,-8,-1
-7,-88,-1
-63,-58,-1
-37,-80,-1
-48,-48,-1
-42,-50,-1
-45,-16,-1
-34,-8,-1
-12,-54,-1
-31,-23,-1
-3,-61,-1
-11,-13,-1
-6,-94,-1
-90,-41,-1
-30,-64,-1
-73,-17,-1
-43,-97,-1
-31,-22,-1
-51,-18,-1
-10,-77,-1
-32,-48,-1
-18,-23,-1
-31,-99,-1
-67,-75,-1
-72,-21,-1
-52,-64,-1
-44,-92,-1
-29,-74,-1
-8,-54,-1
-57,-58,-1
-80,-38,-1
-41,-17,-1
-75,-23,-1
-42,-2,-1
-50,-5,-1
-21,-88,-1
-49,-68,-1
-46,-64,-1
-41,-9,-1
-83,-73,-1
-57,-45,-1
-51,-53,-1
-44,-72,-1
-55,-87,-1
-14,-95,-1
-79,-47,-1
-39,-30,-1
-70,-6,-1
-51,-53,-1
-73,-29,-1
-22,-59,-1
-67,-33,-1
-79,-72,-1
-31,-51,-1
-6,-16,-1
-90,-46,-1
-93,-37,-1
-40,-78,-1
-1,-82,-1
-33,-73,-1
-45,-90,-1
-1,-69,-1
-11,-20,-1
-29,-1,-1
-86,-97,-1
-88,-60,-1
-13,-60,-1
-47,-4,-1
-10,-15,-1
-62,-77,-1
-19,-18,-1
-49,-91,-1
-1,-93,-1
-30,-54,-1
-31,-44,-1
-84,-71,-1
-72,-82,-1
-41,-44,-1
-60,-12,-1
-45,-80,-1
-21,-7,-1
-39,-46,-1
-50,-29,-1
-26,-22,-1
-9,-37,-1
-77,-2,-1
-10,-29,-1
-75,-54,-1
-60,-18,-1
-99,-38,-1
-32,-83,-1
-91,-66,-1
-61,-76,-1
-80,-24,-1
-91,-42,-1
-74,-21,-1
-92,-8,-1
-82,-22,-1
-76,-68,-1
-74,-38,-1
-61,-56,-1
-25,-13,-1
-41,-92,-1
-96,-78,-1
-96,-56,-1
-89,-2,-1
-41,-15,-1
-22,-56,-1
-24,-70,-1
-88,-54,-1
-42,-77,-1
-56,-26,-1
-15,-29,-1
-43,-38,-1
-14,-54,-1
-96,-1,-1
-97,-34,-1
-8,-38,-1
-30,-41,-1
-34,-22,-1
-93,-65,-1
-79,-41,-1
-6,-71,-1
-15,-89,-1
-3,-57,-1
-19,-80,-1
-1,-99,-1
-77,-97,-1
-60,-98,-1
-17,-63,-1
-23,-37,-1
-75,-55,-1
-28,-45,-1
-35,-45,-1
-82,-42,-1
-77,-49,-1
-24,-33,-1
-1,-91,-1
-19,-70,-1
-20,-7,-1
-47,-67,-1
-1,-37,-1
-14,-30,-1
-46,-11,-1
-79,-6,-1
-52,-55,-1
-16,-51,-1
-94,-53,-1
-71,-76,-1
-6,-19,-1
-46,-64,-1
-40,-20,-1
-71,-38,-1
-36,-34,-1
-43,-19,-1
-33,-34,-1
-12,-95,-1
-37,-70,-1
-4,-9,-1
-65,-93,-1
-42,-43,-1
-62,-17,-1
-99,-48,-1
-98,-43,-1
-27,-63,-1
-33,-31,-1
-41,-16,-1
-6,-7,-1
-45,-11,-1
-69,-57,-1
-86,-49,-1
-23,-10,-1
-73,-83,-1
-94,-70,-1
-9,-51,-1
-92,-94,-1
-67,-94,-1
-19,-24,-1
-38,-12,-1
-11,-25,-1
-37,-49,-1
-23,-23,-1
-62,-97,-1
-74,-90,-1
-35,-60,-1
-78,-65,-1
-75,-16,-1
-84,-74,-1
-42,-94,-1
-48,-82,-1
-62,-67,-1
-78,-84,-1
-47,-71,-1
-74,-50,-1
-78,-15,-1
-72,-41,-1
-75,-96,-1
-89,-22,-1
-20,-33,-1
-3,-64,-1
-74,-7,-1
-36,-86,-1
-42,-37,-1
-67,-95,-1
-61,-6,-1
-19,-52,-1
-14,-29,-1
-48,-93,-1
-68,-92,-1
-54,-38,-1
-46,-67,-1
-36,-75,-1
-47,-27,-1
-16,-83,-1
-19,-11,-1
-39,-48,-1
-14,-95,-1
-2,-68,-1
-51,-17,-1
-9,-4,-1
-32,-16,-1
-48,-14,-1
-43,-39,-1
-70,-61,-1
-63,-24,-1
-32,-23,-1
-20,-42,-1
-14,-75,-1
-42,-56,-1
-25,-81,-1
-9,-1,-1
-13,-83,-1
-95,-89,-1
-3,-49,-1
-3,-75,-1
-17,-77,-1
-62,-92,-1
-62,-66,-1
-13,-41,-1
-16,-78,-1
-86,-45,-1
-13,-22,-1
-90,-62,-1
-82,-81,-1
-44,-94,-1
-84,-75,-1
-40,-59,-1
-34,-16,-1
-9,-72,-1
-53,-88,-1
-15,-83,-1
-43,-99,-1
-1,-70,-1
-69,-56,-1
-19,-42,-1
-24,-67,-1
-91,-3,-1
-3,-72,-1
-11,-22,-1
-28,-52,-1
-75,-22,-1
-88,-2,-1
-42,-16,-1
-89,-11,-1
-92,-66,-1
-39,-59,-1
-34,-75,-1
-75,-60,-1
-14,-5,-1
-32,-73,-1
-89,-61,-1
-15,-28,-1
-98,-16,-1
-35,-17,-1
-1,-84,-1
-45,-39,-1
-11,-85,-1
-91,-46,-1
-5,-6,-1
-40,-51,-1
-96,-28,-1
-48,-87,-1
-4,-83,-1
-6,-40,-1
-66,-55,-1
-65,-98,-1
-6,-16,-1
-84,-20,-1
-76,-42,-1
-37,-16,-1
-9,-70,-1
-54,-89,-1
-36,-11,-1
-2,-75,-1
-3,-92,-1
-71,-33,-1
-13,-76,-1
-45,-21,-1
-66,-97,-1
-99,-56,-1
-75,-77,-1
-50,-4,-1
-37,-47,-1
-14,-36,-1
-61,-15,-1
-89,-8,-1
-49,-18,-1
-53,-67,-1
-85,-41,-1
-71,-82,-1
-24,-55,-1
-21,-82,-1
-28,-70,-1
-40,-85,-1
-41,-43,-1
-81,-97,-1
-70,-67,-1
-39,-78,-1
-21,-8,-1
-56,-23,-1
-33,-24,-1
-13,-1,-1
-71,-56,-1
-72,-56,-1
-83,-64,-1
-24,-23,-1
-73,-19,-1
-92,-83,-1
-82,-43,-1
-21,-39,-1
-20,-23,-1
-78,-95,-1
-51,-49,-1
-6,-99,-1
-72,-59,-1
-61,-48,-1
-43,-49,-1
-68,-18,-1
-40,-78,-1
-43,-49,-1
-63,-89,-1
-49,-22,-1
-54,-71,-1
-84,-32,-1
-9,-26,-1
-87,-13,-1
-12,-32,-1
-41,-15,-1
-32,-66,-1
-39,-77,-1
-51,-60,-1
-81,-55,-1
-36,-32,-1
-83,-17,-1
-76,-23,-1
-31,-81,-1
-39,-51,-1
-12,-59,-1
-94,-23,-1
-12,-34,-1
-56,-24,-1
-55,-77,-1
-21,-58,-1
-37,-48,-1
-99,-23,-1
-95,-22,-1
-9,-88,-1
-83,-85,-1
-63,-75,-1
-45,-64,-1
-19,-20,-1
-10,-44,-1
-74,-40,-1
-62,-14,-1
-82,-59,-1
-30,-37,-1
-40,-65,-1
-1,-41,-1
-71,-38,-1
-64,-55,-1
-91,-52,-1
-94,-15,-1
-33,-10,-1
-65,-93,-1
-44,-74,-1
-3,-73,-1
-17,-99,-1
-1,-95,-1
-74,-10,-1
-94,-18,-1
-83,-1,-1
-16,-51,-1
-65,-44,-1
-39,-85,-1
-30,-17,-1
-63,-52,-1
-12,-55,-1
-21,-42,-1
-6,-14,-1
-20,-39,-1
-35,-92,-1
-38,-9,-1
-98,-48,-1
-77,-45,-1
-29,-85,-1
-1,-26,-1
-20,-41,-1
-27,-7,-1
-19,-64,-1
-48,-97,-1
-8,-32,-1
-77,-59,-1
-32,-70,-1
-94,-93,-1
-84,-62,-1
-89,-5,-1
-84,-85,-1
-12,-8,-1
-79,-68,-1
-27,-78,-1
-95,-86,-1
-77,-69,-1
-44,-6,-1
-79,-36,-1
-20,-11,-1
-64,-13,-1
-7,-36,-1
-28,-23,-1
-12,-76,-1
-75,-58,-1
-88,-85,-1
-56,-41,-1
-9,-25,-1
-51,-10,-1
-88,-71,-1
-80,-58,-1
-81,-34,-1
-20,-56,-1
-37,-48,-1
-75,-56,-1
-43,-30,-1
-91,-66,-1
-2,-75,-1
-92,-8,-1
-75,-73,-1
-96,-93,-1
-10,-3,-1
-70,-91,-1
-40,-65,-1
-87,-43,-1
-28,-14,-1
-57,-94,-1
-26,-36,-1
-60,-75,-1
-42,-71,-1
-91,-97,-1
-61,-59,-1
-41,-63,-1
-80,-20,-1
-54,-23,-1
-86,-16,-1
-12,-21,-1
-39,-68,-1
-38,-95,-1
-62,-49,-1
-32,-79,-1
-15,-90,-1
-49,-8,-1
-24,-54,-1
-34,-62,-1
-39,-3,-1
-4,-50,-1
-86,-74,-1
-98,-26,-1
-2,-43,-1
-77,-87,-1
-8,-30,-1
-97,-83,-1
-65,-8,-1
-65,-58,-1
-78,-48,-1
-2,-89,-1
-22,-65,-1
-96,-30,-1
-24,-76,-1
-27,-77,-1
-8,-68,-1
-17,-87,-1
-81,-98,-1
-54,-29,-1
-5,-52,-1
-25,-12,-1
-90,-82,-1
-62,-39,-1
-78,-99,-1
-90,-99,-1
-42,-42,-1
-13,-94,-1
-75,-24,-1
-51,-67,-1
-54,-43,-1
-57,-43,-1
-82,-22,-1
-91,-33,-1
-47,-32,-1
-45,-25,-1
-42,-83,-1
-95,-74,-1
-84,-29,-1
-90,-61,-1
-53,-1,-1
-37,-78,-1
-91,-8,-1
-20,-62,-1
-64,-80,-1
-33,-68,-1
-93,-75,-1
-29,-93,-1
-23,-45,-1
-13,-11,-1
-32,-23,-1
-58,-29,-1
-64,-20,-1
-98,-82,-1
-34,-82,-1
-99,-81,-1
-46,-30,-1
-83,-5,-1
-86,-13,-1
-20,-92,-1
-3,-94,-1
-16,-38,-1
-67,-50,-1
-43,-93,-1
-37,-16,-1
-9,-24,-1
-80,-11,-1
-71,-90,-1
-19,-43,-1
-82,-11,-1
-78,-15,-1
-46,-82,-1
-82,-27,-1
-56,-67,-1
-15,-42,-1
-34,-27,-1
-35,-87,-1
-11,-8,-1
-19,-38,-1
-57,-99,-1
-30,-47,-1
-52,-6,-1
-6,-18,-1
-21,-78,-1
-4,-29,-1
-41,-24,-1
-32,-19,-1
-5,-23,-1
-86,-22,-1
-26,-42,-1
-15,-85,-1
-62,-25,-1
-38,-24,-1
-81,-56,-1
-48,-36,-1
-91,-29,-1
-52,-86,-1
-42,-94,-1
-90,-4,-1
-36,-60,-1
-63,-41,-1
-84,-96,-1
-53,-15,-1
-74,-63,-1
-24,-67,-1
-34,-9,-1
-3,-20,-1
-57,-26,-1
-46,-71,-1
-83,-46,-1
-70,-8,-1
-44,-63,-1
-62,-73,-1
-94,-8,-1
-50,-16,-1
-46,-84,-1
-50,-17,-1
-53,-24,-1
-15,-13,-1
-41,-89,-1
-18,-53,-1
-74,-23,-1
-84,-31,-1
-86,-70,-1
-51,-39,-1
-66,-72,-1
-61,-29,-1
-33,-72,-1
-6,-1,-1
-92,-38,-1
-26,-37,-1
-6,-75,-1
-56,-23,-1
-48,-94,-1
-43,-97,-1
-16,-25,-1
-44,-6,-1
-10,-14,-1
-61,-23,-1
-82,-9,-1
-17,-44,-1
-31,-59,-1
-4,-90,-1
-52,-57,-1
-22,-84,-1
-43,-77,-1
-6,-82,-1
-68,-12,-1
-18,-72,-1
-11,-67,-1
-48,-87,-1
-85,-56,-1
-1,-56,-1
-93,-87,-1
-31,-37,-1
-5,-83,-1
-35,-82,-1
-86,-30,-1
-99,-79,-1
-36,-39,-1
-88,-8,-1
-89,-71,-1
-21,-12,-1
-88,-17,-1
-39,-91,-1
-34,-35,-1
-44,-47,-1
-19,-39,-1
-75,-82,-1
-7,-86,-1
-25,-39,-1
-57,-81,-1
-10,-86,-1
-62,-93,-1
-51,-77,-1
-31,-13,-1
-8,-18,-1
-16,-11,-1
-16,-23,-1
-69,-48,-1
-57,-2,-1
-7,-51,-1
-65,-1,-1
-60,-78,-1
-49,-21,-1
-34,-58,-1
-72,-81,-1
-29,-64,-1
-60,-38,-1
-58,-91,-1
-48,-75,-1
-87,-61,-1
-46,-25,-1
-23,-11,-1
-27,-4,-1
-64,-44,-1
-55,-46,-1
-49,-18,-1
-61,-71,-1
-93,-60,-1
-18,-42,-1
-93,-36,-1
-28,-78,-1
-81,-16,-1
-27,-89,-1
-83,-48,-1
-81,-89,-1
-74,-18,-1
-64,-82,-1
-96,-98,-1
-41,-40,-1
-82,-42,-1
-2,-26,-1
-36,-20,-1
-77,-9,-1
-45,-83,-1
-24,-12,-1
-83,-92,-1
-97,-50,-1
-57,-14,-1
-51,-95,-1
-19,-31,-1
-75,-48,-1
-79,-73,-1
-11,-85,-1
-40,-66,-1
-84,-51,-1
-1,-90,-1
-57,-63,-1
-57,-8,-1
-69,-96,-1
-34,-17,-1
-50,-92,-1
-64,-2,-1
-24,-66,-1
-73,-35,-1
-6,-15,-1
-62,-60,-1
-4,-14,-1
-32,-59,-1
-22,-74,-1
-73,-45,-1
-31,-44,-1
-26,-92,-1
-48,-60,-1
-93,-11,-1
-15,-82,-1
-5,-39,-1
-76,-83,-1
-61,-29,-1
-77,-58,-1
-10,-66,-1
-75,-50,-1
-50,-28,-1
-53,-19,-1
-38,-51,-1
-30,-58,-1
-61,-50,-1
-57,-51,-1
-89,-5,-1
-97,-81,-1
-72,-89,-1
-31,-22,-1
-76,-4,-1
-8,-7,-1
-20,-16,-1
-68,-5,-1
-30,-17,-1
-33,-55,-1
-33,-2,-1
-25,-94,-1
-13,-51,-1
-9,-15,-1
-59,-14,-1
-43,-70,-1
-97,-48,-1
-25,-61,-1
-4,-26,-1
-27,-13,-1
-4,-4,-1
-38,-25,-1
-20,-63,-1
-9,-56,-1
-69,-7,-1
-14,-18,-1
-6,-40,-1
-50,-94,-1
-40,-86,-1
-77,-74,-1
-12,-89,-1
-50,-28,-1
-94,-67,-1
-27,-9,-1
-99,-80,-1
-25,-22,-1
-27,-28,-1
-82,-54,-1
-69,-47,-1
-71,-3,-1
-38,-51,-1
-90,-40,-1
-29,-56,-1
-27,-68,-1
-20,-40,-1
-35,-58,-1
-20,-95,-1
-37,-72,-1
-18,-88,-1
-15,-63,-1
-75,-38,-1
-20,-9,-1
-54,-34,-1
-50,-49,-1
-68,-57,-1
-78,-91,-1
-23,-35,-1
-13,-62,-1
-26,-50,-1
-56,-90,-1
-79,-75,-1
-95,-87,-1
-74,-76,-1
-77,-74,-1
-51,-24,-1
-60,-88,-1
-87,-87,-1
-4,-70,-1
-54,-14,-1
-5,-70,-1
-31,-62,-1
-57,-21,-1
-18,-88,-1
-88,-27,-1
-28,-40,-1
-61,-47,-1
-66,-11,-1
-6,-78,-1
-58,-68,-1
-13,-67,-1
-50,-61,-1
-77,-1,-1
-75,-20,-1
-64,-5,-1
-72,-52,-1
-54,-78,-1
-89,-75,-1
-56,-75,-1
-1,-67,-1
-20,-32,-1
-36,-4,-1
-81,-69,-1
-70,-22,-1
-19,-45,-1
-15,-70,-1
-31,-14,-1
-31,-95,-1
-94,-19,-1
-3,-24,-1
-32,-27,-1
-19,-9,-1
-96,-40,-1
-83,-47,-1
-76,-85,-1
-13,-65,-1
-58,-44,-1
-76,-93,-1
-50,-93,-1
-27,-80,-1
-79,-51,-1
-46,-34,-1
-5,-48,-1
-26,-74,-1
-94,-14,-1
-33,-18,-1
-56,-37,-1
-8,-63,-1
-87,-36,-1
-41,-28,-1
-84,-39,-1
-92,-73,-1
-33,-22,-1
-70,-19,-1
-18,-41,-1
-14,-23,-1
-85,-46,-1
-19,-16,-1
-82,-57,-1
-92,-81,-1
-42,-73,-1
-70,-65,-1
-36,-14,-1
-21,-58,-1
-94,-30,-1
-34,-33,-1
-74,-58,-1
-29,-8,-1
-34,-80,-1
-92,-66,-1
-80,-57,-1
-25,-22,-1
-64,-62,-1
-21,-42,-1
-63,-19,-1
-5,-25,-1
-70,-10,-1
-38,-92,-1
-38,-69,-1
-68,-94,-1
-78,-23,-1
-70,-77,-1
-66,-5,-1
-58,-5,-1
-48,-42,-1
-42,-63,-1
-47,-27,-1
-46,-30,-1
-82,-34,-1
-8,-93,-1
-29,-61,-1
-62,-12,-1
-67,-53,-1
-30,-17,-1
-86,-20,-1
-39,-10,-1
-4,-68,-1
-24,-1,-1
-18,-34,-1
-19,-33,-1
-34,-76,-1
-89,-28,-1
-89,-79,-1
-72,-4,-1
-57,-97,-1
-63,-16,-1
-50,-91,-1
-90,-93,-1
-6,-78,-1
-57,-49,-1
-90,-59,-1
-87,-31,-1
-41,-85,-1
-70,-14,-1
-95,-14,-1
-23,-50,-1
-2,-38,-1
-37,-95,-1
-1,-44,-1
-52,-7,-1
-33,-60,-1
-27,-58,-1
-80,-45,-1
-72,-44,-1
-78,-68,-1
-65,-88,-1
-97,-72,-1
-29,-9,-1
-63,-28,-1
-67,-88,-1
-58,-3,-1
-35,-82,-1
-31,-91,-1
-98,-45,-1
-4,-61,-1
-39,-13,-1
-55,-90,-1
-29,-8,-1
-25,-68,-1
-37,-66,-1
-82,-94,-1
-73,-85,-1
-6,-92,-1
-30,-21,-1
-43,-68,-1
-61,-32,-1
-46,-91,-1
-29,-87,-1
-38,-96,-1
-89,-93,-1
-70,-34,-1
-12,-26,-1
-89,-48,-1
-15,-30,-1
-9,-11,-1
-87,-94,-1
-76,-66,-1
-51,-69,-1
-58,-54,-1
-62,-27,-1
-49,-91,-1
-11,-8,-1
-82,-88,-1
-73,-32,-1
-39,-59,-1
-97,-45,-1
-92,-64,-1
-30,-8,-1
-82,-50,-1
-43,-10,-1
-99,-63,-1
-76,-22,-1
-60,-37,-1
-2,-64,-1
-57,-49,-1
-45,-56,-1
-47,-97,-1
-1,-84,-1
-52,-23,-1
-93,-64,-1
-7,-4,-1
-81,-44,-1
-46,-15,-1
-89,-21,-1
-2,-38,-1
-60,-30,-1
-62,-67,-1
-23,-31,-1
-25,-72,-1
-79,-47,-1
-38,-81,-1
-63,-54,-1
-97,-25,-1
-1,-77,-1
-3,-57,-1
-10,-48,-1
-10,-72,-1
-69,-84,-1
-56,-47,-1
-61,-12,-1
-64,-73,-1
-74,-42,-1
-25,-61,-1
-67,-21,-1
-86,-70,-1
-7,-37,-1
-4,-89,-1
-29,-64,-1
-14,-89,-1
-8,-64,-1
-80,-67,-1
-74,-7,-1
-13,-59,-1
-49,-41,-1
-67,-15,-1
-96,-40,-1
-8,-63,-1
-45,-66,-1
-66,-91,-1
-24,-96,-1
-68,-18,-1
-14,-24,-1
-32,-33,-1
-19,-97,-1
-14,-4,-1
-43,-26,-1
-17,-56,-1
-88,-74,-1
-73,-31,-1
-38,-63,-1
-73,-35,-1
-27,-99,-1
-61,-95,-1
-32,-33,-1
-12,-36,-1
-98,-93,-1
-68,-45,-1
-33,-59,-1
-34,-2,-1
-63,-68,-1
-67,-50,-1
-8,-48,-1
-9,-40,-1
-77,-44,-1
-39,-8,-1
-84,-82,-1
-50,-16,-1
-20,-91,-1
-49,-57,-1
-62,-80,-1
-20,-1,-1
-76,-1,-1
-47,-22,-1
-18,-33,-1
-49,-76,-1
-63,-32,-1
-38,-73,-1
-41,-72,-1
-86,-86,-1
-73,-47,-1
-73,-35,-1
-1,-50,-1
-72,-12,-1
-96,-2,-1
-57,-83,-1
-42,-33,-1
-99,-17,-1
-13,-28,-1
-12,-28,-1
-4,-72,-1
-60,-31,-1
-7,-48,-1
-67,-46,-1
-36,-36,-1
-16,-46,-1
-41,-32,-1
-99,-33,-1
-78,-28,-1
-37,-63,-1
-26,-40,-1
-45,-24,-1
-42,-97,-1
-49,-14,-1
-10,-47,-1
-63,-23,-1
-45,-42,-1
-80,-40,-1
-96,-16,-1
-36,-17,-1
-86,-13,-1
-20,-40,-1
-15,-49,-1
-96,-50,-1
-87,-83,-1
-3,-29,-1
-27,-44,-1
-26,-61,-1
-91,-24,-1
-55,-42,-1
-62,-72,-1
-68,-6,-1
-79,-75,-1
-29,-89,-1
-36,-27,-1
-57,-47,-1
-90,-32,-1
-97,-67,-1
-48,-85,-1
-33,-64,-1
-17,-56,-1
-51,-37,-1
-30,-8,-1
-81,-5,-1
-45,-67,-1
-15,-22,-1
-22,-74,-1
-22,-16,-1
-50,-38,-1
-11,-91,-1
-85,-61,-1
-62,-99,-1
-41,-50,-1
-59,-3,-1
-45,-37,-1
-42,-25,-1
-47,-99,-1
-39,-78,-1
-11,-61,-1
-68,-45,-1
-63,-44,-1
-49,-34,-1
-18,-86,-1
-2,-56,-1
-34,-47,-1
-44,-82,-1
-25,-81,-1
-78,-32,-1
-85,-99,-1
-53,-14,-1
-25,-98,-1
-82,-49,-1
-49,-78,-1
-10,-88,-1
-62,-36,-1
-56,-49,-1
-94,-77,-1
-15,-54,-1
-11,-15,-1
-78,-97,-1
-86,-3,-1
-15,-71,-1
-92,-85,-1
-80,-28,-1
-85,-13,-1
-17,-5,-1
-81,-29,-1
-54,-16,-1
-76,-17,-1
-64,-21,-1
-98,-35,-1
-21,-70,-1
-96,-5,-1
-37,-21,-1
-50,-56,-1
-8,-34,-1
-90,-24,-1
-82,-64,-1
-49,-64,-1
-57,-5,-1
-18,-1,-1
-66,-77,-1
-65,-58,-1
-19,-9,-1
-98,-14,-1
-77,-68,-1
-38,-93,-1
-74,-59,-1
-45,-94,-1
-18,-67,-1
-39,-18,-1
-1,-47,-1
-66,-59,-1
-57,-46,-1
-30,-15,-1
-96,-70,-1
-80,-44,-1
-55,-92,-1
-29,-55,-1
-23,-49,-1
-63,-84,-1
-94,-51,-1
-83,-61,-1
-15,-25,-1
-43,-51,-1
-33,-73,-1
-20,-6,-1
-88,-94,-1
-98,-80,-1
-52,-69,-1
-24,-63,-1
-37,-96,-1
-92,-84,-1
-61,-2,-1
-91,-83,-1
-75,-38,-1
-45,-57,-1
-5,-76,-1
-1,-37,-1
-85,-76,-1
-55,-30,-1
-53,-39,-1
-42,-77,-1
-79,-19,-1
-88,-10,-1
-98,-27,-1
-32,-12,-1
-16,-54,-1
-13,-17,-1
-5,-92,-1
-68,-65,-1
-99,-77,-1
-9,-19,-1
-3,-77,-1
-17,-62,-1
-56,-97,-1
-14,-22,-1
-63,-55,-1
-20,-89,-1
-11,-84,-1
-93,-49,-1
-7,-91,-1
-17,-68,-1
-6,-15,-1
-72,-23,-1
-99,-7,-1
-81,-49,-1
-90,-35,-1
-72,-70,-1
-25,-22,-1
-74,-69,-1
-34,-29,-1
-65,-62,-1
-58,-72,-1
-29,-40,-1
-7,-6,-1
-64,-14,-1
-21,-36,-1
-24,-5,-1
-65,-36,-1
-89,-93,-1
-21,-84,-1
-62,-74,-1
-39,-39,-1
-42,-58,-1
-73,-60,-1
-96,-90,-1
-10,-59,-1
-52,-99,-1
-63,-49,-1
-81,-5,-1
-62,-59,-1
-67,-95,-1
-60,-58,-1
-38,-49,-1
-98,-94,-1
-69,-86,-1
-33,-24,-1
-90,-56,-1
-38,-94,-1
-35,-43,-1
-45,-84,-1
-78,-71,-1
-31,-53,-1
-22,-50,-1
-72,-65,-1
-25,-34,-1
-71,-28,-1
-74,-3,-1
-5,-51,-1
-96,-26,-1
-56,-68,-1
-46,-83,-1
-28,-60,-1
-75,-29,-1
-77,-80,-1
-46,-16,-1
-8,-52,-1
-94,-46,-1
-12,-10,-1
-27,-51,-1
-49,-42,-1
-4,-31,-1
-25,-42,-1
-98,-86,-1
-91,-55,-1
-31,-13,-1
-89,-57,-1
-41,-4,-1
-17,-80,-1
-0.999,1,1
1,-0.999,1
-1,0.999,-1
0.999,-1,-1